PatchID,XCOORD,YCOORD,ID,MID,FID,sex,age,size,mature,newmature,layeggs,capture,recapture,state,CDist,Hindex,Species,ClassFile,SubPatchID,L0A0,L0A1,L1A0,L1A1
1,1.0,1.0,R1_F1_m1f1_P1_Y92_UO48,RD1_F3_m3f3_P3_Y90_UO251,RD1_F1_m1f1_P1_Y90_UO60,MXY,1,0.0,0,0,0.0,0,0,0,-9999.0,0.4745907435464325,1,P0_CV0,1,0,2,1,1
1,1.0,1.0,R1_F1_m1f1_P1_Y92_UO49,RD1_F3_m3f3_P3_Y90_UO251,RD1_F1_m1f1_P1_Y90_UO60,MXY,1,0.0,0,0,0.0,0,0,0,-9999.0,0.4745907435464325,1,P0_CV0,1,1,1,1,1
1,1.0,1.0,R1_F1_m1f1_P1_Y92_UO121,RD1_F2_m2f2_P2_Y90_UO262,RD1_F2_m2f2_P2_Y90_UO160,FXX,1,0.0,0,0,0.0,0,0,0,-9999.0,0.4745906394056476,1,P0_CV0,1,2,0,2,0
1,1.0,1.0,R1_F1_m1f1_P1_Y92_UO183,RD1_F3_m3f3_P3_Y90_UO136,RD1_F3_m3f3_P3_Y90_UO147,FXX,1,0.0,0,0,0.0,0,0,0,-9999.0,0.47459062986456146,1,P0_CV0,1,1,1,1,1
1,1.0,1.0,R1_F1_m1f1_P1_Y92_UO248,RD1_F3_m3f3_P3_Y90_UO127,RD1_F2_m2f2_P2_Y90_UO86,MXY,1,0.0,0,0,0.0,0,0,0,-9999.0,0.4745907393735287,1,P0_CV0,1,0,2,0,2
1,1.0,1.0,R1_F1_m1f1_P1_Y92_UO268,RD1_F3_m3f3_P3_Y90_UO35,RD1_F2_m2f2_P2_Y90_UO344,MXY,1,0.0,0,0,0.0,0,0,0,-9999.0,0.4745906664569688,1,P0_CV0,1,1,1,1,1
1,1.0,1.0,R1_F1_m1f1_P1_Y92_UO281,RD1_F3_m3f3_P3_Y90_UO24,RD1_F3_m3f3_P3_Y90_UO105,FXX,1,0.0,0,0,0.0,0,0,0,-9999.0,0.474590671254429,1,P0_CV0,1,2,0,0,2
1,1.0,1.0,R1_F1_m1f1_P1_Y92_UO282,RD1_F3_m3f3_P3_Y90_UO24,RD1_F3_m3f3_P3_Y90_UO105,FXX,1,0.0,0,0,0.0,0,0,0,-9999.0,0.474590671254429,1,P0_CV0,1,2,0,2,0
1,1.0,1.0,R1_F1_m1f1_P1_Y92_UO339,RD1_F3_m3f3_P3_Y90_UO127,RD1_F1_m1f1_P1_Y90_UO312,MXY,1,0.0,0,0,0.0,0,0,0,-9999.0,0.4745908178313343,1,P0_CV0,1,1,1,1,1
1,1.0,1.0,R1_F1_m1f1_P1_Y92_UO347,RD1_F3_m3f3_P3_Y90_UO196,RD1_F2_m2f2_P2_Y90_UO345,MXY,1,0.0,0,0,0.0,0,0,0,-9999.0,0.47459068889860134,1,P0_CV0,1,1,1,0,2
1,1.0,1.0,R1_F1_m1f1_P1_Y92_UO348,RD1_F3_m3f3_P3_Y90_UO196,RD1_F2_m2f2_P2_Y90_UO345,FXX,1,0.0,0,0,0.0,0,0,0,-9999.0,0.47459068889860134,1,P0_CV0,1,0,2,0,2
1,1.0,1.0,R1_F1_m2f2_P2_Y90_UO262,RD2_F2_m2f2_P2_Y88_UO246,RD2_F2_m2f2_P2_Y88_UO343,FXX,3,0.0,1,0,1.0,0,0,0,-9999.0,0.4745905949039013,1,P0_CV0,1,1,1,1,1
1,1.0,1.0,R1_F1_m1f1_P1_Y92_UO7,RD1_F1_m1f1_P1_Y90_UO249,RD1_F3_m3f3_P3_Y90_UO217,MXY,1,0.0,0,0,0.0,0,0,0,-9999.0,0.47459075608900037,1,P1_CV0,1,1,1,1,1
1,1.0,1.0,R1_F1_m1f1_P1_Y92_UO8,RD1_F1_m1f1_P1_Y90_UO249,RD1_F3_m3f3_P3_Y90_UO217,FXX,1,0.0,0,0,0.0,0,0,0,-9999.0,0.47459075608900037,1,P1_CV0,1,1,1,2,0
1,1.0,1.0,R1_F1_m1f1_P1_Y92_UO15,RD1_F2_m2f2_P2_Y90_UO102,RD1_F1_m1f1_P1_Y90_UO141,FXX,1,0.0,0,0,0.0,0,0,0,-9999.0,0.4745908048294787,1,P1_CV0,1,0,2,1,1
1,1.0,1.0,R1_F1_m1f1_P1_Y92_UO16,RD1_F2_m2f2_P2_Y90_UO102,RD1_F1_m1f1_P1_Y90_UO141,FXX,1,0.0,0,0,0.0,0,0,0,-9999.0,0.4745908048294787,1,P1_CV0,1,0,2,1,1
1,1.0,1.0,R1_F1_m1f1_P1_Y92_UO17,RD1_F2_m2f2_P2_Y90_UO102,RD1_F1_m1f1_P1_Y90_UO141,FXX,1,0.0,0,0,0.0,0,0,0,-9999.0,0.4745908048294787,1,P1_CV0,1,0,2,2,0
1,1.0,1.0,R1_F1_m1f1_P1_Y92_UO18,RD1_F3_m3f3_P3_Y90_UO135,RD1_F3_m3f3_P3_Y90_UO218,MXY,1,0.0,0,0,0.0,0,0,0,-9999.0,0.47459066069097133,1,P1_CV0,1,1,1,1,1
1,1.0,1.0,R1_F1_m1f1_P1_Y92_UO19,RD1_F3_m3f3_P3_Y90_UO135,RD1_F3_m3f3_P3_Y90_UO218,FXX,1,0.0,0,0,0.0,0,0,0,-9999.0,0.47459066069097133,1,P1_CV0,1,1,1,0,2
1,1.0,1.0,R1_F1_m1f1_P1_Y92_UO50,RD1_F3_m3f3_P3_Y90_UO251,RD1_F1_m1f1_P1_Y90_UO60,FXX,1,0.0,0,0,0.0,0,0,0,-9999.0,0.4745907435464325,1,P1_CV0,1,1,1,1,1
1,1.0,1.0,R1_F1_m1f1_P1_Y92_UO51,RD1_F3_m3f3_P3_Y90_UO251,RD1_F1_m1f1_P1_Y90_UO60,MXY,1,0.0,0,0,0.0,0,0,0,-9999.0,0.4745907435464325,1,P1_CV0,1,1,1,0,2
1,1.0,1.0,R1_F1_m1f1_P1_Y92_UO55,RD1_F2_m2f2_P2_Y90_UO114,RD1_F3_m3f3_P3_Y90_UO218,FXX,1,0.0,0,0,0.0,0,0,0,-9999.0,0.4745907061815977,1,P1_CV0,1,1,1,2,0
1,1.0,1.0,R1_F1_m1f1_P1_Y92_UO56,RD1_F2_m2f2_P2_Y90_UO114,RD1_F3_m3f3_P3_Y90_UO218,FXX,1,0.0,0,0,0.0,0,0,0,-9999.0,0.4745907061815977,1,P1_CV0,1,0,2,2,0
1,1.0,1.0,R1_F1_m1f1_P1_Y92_UO57,RD1_F2_m2f2_P2_Y90_UO114,RD1_F3_m3f3_P3_Y90_UO218,FXX,1,0.0,0,0,0.0,0,0,0,-9999.0,0.4745907061815977,1,P1_CV0,1,1,1,1,1
1,1.0,1.0,R1_F1_m1f1_P1_Y92_UO80,RD1_F3_m3f3_P3_Y90_UO106,RD1_F3_m3f3_P3_Y90_UO7,FXX,1,0.0,0,0,0.0,0,0,0,-9999.0,0.47459070984880114,1,P1_CV0,1,0,2,0,2
1,1.0,1.0,R1_F1_m1f1_P1_Y92_UO81,RD1_F3_m3f3_P3_Y90_UO106,RD1_F3_m3f3_P3_Y90_UO7,MXY,1,0.0,0,0,0.0,0,0,0,-9999.0,0.47459070984880114,1,P1_CV0,1,1,1,1,1
1,1.0,1.0,R1_F1_m1f1_P1_Y92_UO83,RD1_F2_m2f2_P2_Y90_UO233,RD1_F1_m1f1_P1_Y90_UO70,FXX,1,0.0,0,0,0.0,0,0,0,-9999.0,0.47459061854310036,1,P1_CV0,1,1,1,2,0
1,1.0,1.0,R1_F1_m1f1_P1_Y92_UO85,RD1_F2_m2f2_P2_Y90_UO208,RD1_F3_m3f3_P3_Y90_UO147,MXY,1,0.0,0,0,0.0,0,0,0,-9999.0,0.474590659995652,1,P1_CV0,1,1,1,0,2
1,1.0,1.0,R1_F1_m1f1_P1_Y92_UO86,RD1_F2_m2f2_P2_Y90_UO208,RD1_F3_m3f3_P3_Y90_UO147,MXY,1,0.0,0,0,0.0,0,0,0,-9999.0,0.474590659995652,1,P1_CV0,1,0,2,2,0
1,1.0,1.0,R1_F1_m1f1_P1_Y92_UO87,RD1_F2_m2f2_P2_Y90_UO208,RD1_F3_m3f3_P3_Y90_UO147,MXY,1,0.0,0,0,0.0,0,0,0,-9999.0,0.474590659995652,1,P1_CV0,1,1,1,0,2
1,1.0,1.0,R1_F1_m1f1_P1_Y92_UO142,RD1_F3_m3f3_P3_Y90_UO251,RD1_F2_m2f2_P2_Y90_UO345,FXX,1,0.0,0,0,0.0,0,0,0,-9999.0,0.4745906639879607,1,P1_CV0,1,0,2,0,2
1,1.0,1.0,R1_F1_m1f1_P1_Y92_UO143,RD1_F3_m3f3_P3_Y90_UO251,RD1_F2_m2f2_P2_Y90_UO345,FXX,1,0.0,0,0,0.0,0,0,0,-9999.0,0.4745906639879607,1,P1_CV0,1,0,2,1,1
1,1.0,1.0,R1_F1_m1f1_P1_Y92_UO144,RD1_F3_m3f3_P3_Y90_UO251,RD1_F1_m1f1_P1_Y90_UO110,FXX,1,0.0,0,0,0.0,0,0,0,-9999.0,0.4745907764617918,1,P1_CV0,1,0,2,1,1
1,1.0,1.0,R1_F1_m1f1_P1_Y92_UO146,RD1_F3_m3f3_P3_Y90_UO251,RD1_F1_m1f1_P1_Y90_UO110,FXX,1,0.0,0,0,0.0,0,0,0,-9999.0,0.4745907764617918,1,P1_CV0,1,1,1,1,1
1,1.0,1.0,R1_F1_m1f1_P1_Y92_UO169,RD1_F1_m1f1_P1_Y90_UO50,RD1_F3_m3f3_P3_Y90_UO330,FXX,1,0.0,0,0,0.0,0,0,0,-9999.0,0.47459067450921566,1,P1_CV0,1,1,1,0,2
1,1.0,1.0,R1_F1_m1f1_P1_Y92_UO170,RD1_F1_m1f1_P1_Y90_UO50,RD1_F3_m3f3_P3_Y90_UO330,MXY,1,0.0,0,0,0.0,0,0,0,-9999.0,0.47459067450921566,1,P1_CV0,1,1,1,0,2
1,1.0,1.0,R1_F1_m1f1_P1_Y92_UO171,RD1_F2_m2f2_P2_Y90_UO12,RD1_F3_m3f3_P3_Y90_UO134,MXY,1,0.0,0,0,0.0,0,0,0,-9999.0,0.47459069657049824,1,P1_CV0,1,1,1,0,2
1,1.0,1.0,R1_F1_m1f1_P1_Y92_UO172,RD1_F2_m2f2_P2_Y90_UO12,RD1_F3_m3f3_P3_Y90_UO134,FXX,1,0.0,0,0,0.0,0,0,0,-9999.0,0.47459069657049824,1,P1_CV0,1,1,1,1,1
1,1.0,1.0,R1_F1_m1f1_P1_Y92_UO173,RD1_F2_m2f2_P2_Y90_UO12,RD1_F3_m3f3_P3_Y90_UO134,MXY,1,0.0,0,0,0.0,0,0,0,-9999.0,0.47459069657049824,1,P1_CV0,1,1,1,1,1
1,1.0,1.0,R1_F1_m1f1_P1_Y92_UO181,RD1_F3_m3f3_P3_Y90_UO136,RD1_F3_m3f3_P3_Y90_UO147,FXX,1,0.0,0,0,0.0,0,0,0,-9999.0,0.47459062986456146,1,P1_CV0,1,1,1,2,0
1,1.0,1.0,R1_F1_m1f1_P1_Y92_UO182,RD1_F3_m3f3_P3_Y90_UO136,RD1_F3_m3f3_P3_Y90_UO147,MXY,1,0.0,0,0,0.0,0,0,0,-9999.0,0.47459062986456146,1,P1_CV0,1,0,2,2,0
1,1.0,1.0,R1_F1_m1f1_P1_Y92_UO191,RD1_F3_m3f3_P3_Y90_UO251,RD1_F2_m2f2_P2_Y90_UO59,FXX,1,0.0,0,0,0.0,0,0,0,-9999.0,0.4745907002245353,1,P1_CV0,1,0,2,1,1
1,1.0,1.0,R1_F1_m1f1_P1_Y92_UO204,RD1_F2_m2f2_P2_Y90_UO12,RD1_F1_m1f1_P1_Y90_UO349,FXX,1,0.0,0,0,0.0,0,0,0,-9999.0,0.47459076402319056,1,P1_CV0,1,0,2,0,2
1,1.0,1.0,R1_F1_m1f1_P1_Y92_UO205,RD1_F2_m2f2_P2_Y90_UO12,RD1_F1_m1f1_P1_Y90_UO349,FXX,1,0.0,0,0,0.0,0,0,0,-9999.0,0.47459076402319056,1,P1_CV0,1,0,2,0,2
1,1.0,1.0,R1_F1_m1f1_P1_Y92_UO240,RD1_F1_m1f1_P1_Y90_UO133,RD1_F3_m3f3_P3_Y90_UO76,FXX,1,0.0,0,0,0.0,0,0,0,-9999.0,0.4745906126125661,1,P1_CV0,1,1,1,0,2
1,1.0,1.0,R1_F1_m1f1_P1_Y92_UO242,RD1_F1_m1f1_P1_Y90_UO133,RD1_F3_m3f3_P3_Y90_UO76,FXX,1,0.0,0,0,0.0,0,0,0,-9999.0,0.4745906126125661,1,P1_CV0,1,1,1,0,2
1,1.0,1.0,R1_F1_m1f1_P1_Y92_UO249,RD1_F3_m3f3_P3_Y90_UO127,RD1_F2_m2f2_P2_Y90_UO86,MXY,1,0.0,0,0,0.0,0,0,0,-9999.0,0.4745907393735287,1,P1_CV0,1,0,2,1,1
1,1.0,1.0,R1_F1_m1f1_P1_Y92_UO251,RD1_F3_m3f3_P3_Y90_UO251,RD1_F1_m1f1_P1_Y90_UO349,MXY,1,0.0,0,0,0.0,0,0,0,-9999.0,0.47459073845130106,1,P1_CV0,1,0,2,0,2
1,1.0,1.0,R1_F1_m1f1_P1_Y92_UO252,RD1_F3_m3f3_P3_Y90_UO251,RD1_F1_m1f1_P1_Y90_UO349,FXX,1,0.0,0,0,0.0,0,0,0,-9999.0,0.47459073845130106,1,P1_CV0,1,0,2,0,2
1,1.0,1.0,R1_F1_m1f1_P1_Y92_UO260,RD1_F3_m3f3_P3_Y90_UO24,RD1_F1_m1f1_P1_Y90_UO111,FXX,1,0.0,0,0,0.0,0,0,0,-9999.0,0.47459073464522916,1,P1_CV0,1,2,0,1,1
1,1.0,1.0,R1_F1_m1f1_P1_Y92_UO274,RD1_F3_m3f3_P3_Y90_UO127,RD1_F3_m3f3_P3_Y90_UO210,MXY,1,0.0,0,0,0.0,0,0,0,-9999.0,0.4745907128527982,1,P1_CV0,1,0,2,1,1
1,1.0,1.0,R1_F1_m1f1_P1_Y92_UO275,RD1_F3_m3f3_P3_Y90_UO127,RD1_F3_m3f3_P3_Y90_UO210,FXX,1,0.0,0,0,0.0,0,0,0,-9999.0,0.4745907128527982,1,P1_CV0,1,0,2,1,1
1,1.0,1.0,R1_F1_m1f1_P1_Y92_UO283,RD1_F3_m3f3_P3_Y90_UO24,RD1_F3_m3f3_P3_Y90_UO105,MXY,1,0.0,0,0,0.0,0,0,0,-9999.0,0.474590671254429,1,P1_CV0,1,2,0,1,1
1,1.0,1.0,R1_F1_m1f1_P1_Y92_UO286,RD1_F2_m2f2_P2_Y90_UO143,RD1_F3_m3f3_P3_Y90_UO218,MXY,1,0.0,0,0,0.0,0,0,0,-9999.0,0.4745907291802425,1,P1_CV0,1,0,2,1,1
1,1.0,1.0,R1_F1_m1f1_P1_Y92_UO288,RD1_F2_m2f2_P2_Y90_UO143,RD1_F3_m3f3_P3_Y90_UO218,FXX,1,0.0,0,0,0.0,0,0,0,-9999.0,0.4745907291802425,1,P1_CV0,1,0,2,1,1
1,1.0,1.0,R1_F1_m1f1_P1_Y92_UO310,RD1_F1_m1f1_P1_Y90_UO189,RD1_F1_m1f1_P1_Y90_UO70,MXY,1,0.0,0,0,0.0,0,0,0,-9999.0,0.47459069473365645,1,P1_CV0,1,0,2,0,2
1,1.0,1.0,R1_F1_m1f1_P1_Y92_UO311,RD1_F1_m1f1_P1_Y90_UO189,RD1_F1_m1f1_P1_Y90_UO70,MXY,1,0.0,0,0,0.0,0,0,0,-9999.0,0.47459069473365645,1,P1_CV0,1,0,2,0,2
1,1.0,1.0,R1_F1_m1f1_P1_Y92_UO312,RD1_F1_m1f1_P1_Y90_UO189,RD1_F1_m1f1_P1_Y90_UO70,FXX,1,0.0,0,0,0.0,0,0,0,-9999.0,0.47459069473365645,1,P1_CV0,1,2,0,0,2
1,1.0,1.0,R1_F1_m1f1_P1_Y92_UO313,RD1_F3_m3f3_P3_Y90_UO135,RD1_F1_m1f1_P1_Y90_UO320,FXX,1,0.0,0,0,0.0,0,0,0,-9999.0,0.4745906659858399,1,P1_CV0,1,0,2,1,1
1,1.0,1.0,R1_F1_m1f1_P1_Y92_UO314,RD1_F3_m3f3_P3_Y90_UO135,RD1_F1_m1f1_P1_Y90_UO320,MXY,1,0.0,0,0,0.0,0,0,0,-9999.0,0.4745906659858399,1,P1_CV0,1,1,1,0,2
1,1.0,1.0,R1_F1_m1f1_P1_Y92_UO315,RD1_F3_m3f3_P3_Y90_UO135,RD1_F1_m1f1_P1_Y90_UO320,MXY,1,0.0,0,0,0.0,0,0,0,-9999.0,0.4745906659858399,1,P1_CV0,1,0,2,1,1
1,1.0,1.0,R1_F1_m1f1_P1_Y92_UO338,RD1_F3_m3f3_P3_Y90_UO127,RD1_F1_m1f1_P1_Y90_UO312,FXX,1,0.0,0,0,0.0,0,0,0,-9999.0,0.4745908178313343,1,P1_CV0,1,1,1,1,1
1,1.0,1.0,R1_F1_m1f1_P1_Y92_UO340,RD1_F3_m3f3_P3_Y90_UO127,RD1_F1_m1f1_P1_Y90_UO312,MXY,1,0.0,0,0,0.0,0,0,0,-9999.0,0.4745908178313343,1,P1_CV0,1,1,1,2,0
1,1.0,1.0,R1_F1_m2f2_P2_Y90_UO282,RD2_F4_m4f4_P4_Y88_UO255,RD2_F1_m1f1_P1_Y88_UO164,FXX,3,0.0,1,0,1.0,0,0,0,-9999.0,0.47459071143914144,1,P1_CV0,1,0,2,1,1
1,1.0,1.0,R1_F1_m2f2_P2_Y90_UO208,RD2_F1_m1f1_P1_Y88_UO258,RD2_F4_m4f4_P4_Y88_UO44,FXX,3,0.0,1,0,1.0,0,0,0,-9999.0,0.4745907666373199,1,P1_CV0,1,0,2,1,1
1,1.0,1.0,R1_F1_m1f1_P1_Y90_UO140,RD1_F2_m2f2_P2_Y88_UO196,RD1_F2_m2f2_P2_Y88_UO109,FXX,3,0.0,1,0,1.0,0,0,0,-9999.0,0.4745907946131567,1,P1_CV0,1,1,1,1,1
1,1.0,1.0,R1_F1_m1f1_P1_Y92_UO84,RD1_F2_m2f2_P2_Y90_UO233,RD1_F1_m1f1_P1_Y90_UO70,MXY,1,0.0,0,0,0.0,0,0,0,-9999.0,0.47459061854310036,1,P2_CV0,1,0,2,2,0
1,1.0,1.0,R1_F1_m1f1_P1_Y92_UO90,RD1_F3_m3f3_P3_Y90_UO35,RD1_F1_m1f1_P1_Y90_UO230,FXX,1,0.0,0,0,0.0,0,0,0,-9999.0,0.4745906606815993,1,P2_CV0,1,1,1,1,1
1,1.0,1.0,R1_F1_m1f1_P1_Y92_UO91,RD1_F2_m2f2_P2_Y90_UO297,RD1_F2_m2f2_P2_Y90_UO287,FXX,1,0.0,0,0,0.0,0,0,0,-9999.0,0.4745906418439745,1,P2_CV0,1,0,2,1,1
1,1.0,1.0,R1_F1_m1f1_P1_Y92_UO92,RD1_F2_m2f2_P2_Y90_UO297,RD1_F2_m2f2_P2_Y90_UO287,MXY,1,0.0,0,0,0.0,0,0,0,-9999.0,0.4745906418439745,1,P2_CV0,1,0,2,1,1
1,1.0,1.0,R1_F1_m1f1_P1_Y92_UO122,RD1_F2_m2f2_P2_Y90_UO262,RD1_F2_m2f2_P2_Y90_UO160,MXY,1,0.0,0,0,0.0,0,0,0,-9999.0,0.4745906394056476,1,P2_CV0,1,1,1,1,1
1,1.0,1.0,R1_F1_m1f1_P1_Y92_UO145,RD1_F3_m3f3_P3_Y90_UO251,RD1_F1_m1f1_P1_Y90_UO110,MXY,1,0.0,0,0,0.0,0,0,0,-9999.0,0.4745907764617918,1,P2_CV0,1,0,2,1,1
1,1.0,1.0,R1_F1_m1f1_P1_Y92_UO148,RD1_F3_m3f3_P3_Y90_UO126,RD1_F1_m1f1_P1_Y90_UO110,MXY,1,0.0,0,0,0.0,0,0,0,-9999.0,0.4745908088805706,1,P2_CV0,1,1,1,1,1
1,1.0,1.0,R1_F1_m1f1_P1_Y92_UO149,RD1_F3_m3f3_P3_Y90_UO126,RD1_F1_m1f1_P1_Y90_UO110,MXY,1,0.0,0,0,0.0,0,0,0,-9999.0,0.4745908088805706,1,P2_CV0,1,1,1,1,1
1,1.0,1.0,R1_F1_m1f1_P1_Y92_UO150,RD1_F3_m3f3_P3_Y90_UO126,RD1_F1_m1f1_P1_Y90_UO110,MXY,1,0.0,0,0,0.0,0,0,0,-9999.0,0.4745908088805706,1,P2_CV0,1,0,2,1,1
1,1.0,1.0,R1_F1_m1f1_P1_Y92_UO184,RD1_F3_m3f3_P3_Y90_UO126,RD1_F2_m2f2_P2_Y90_UO184,MXY,1,0.0,0,0,0.0,0,0,0,-9999.0,0.47459071535655184,1,P2_CV0,1,0,2,0,2
1,1.0,1.0,R1_F1_m1f1_P1_Y92_UO185,RD1_F3_m3f3_P3_Y90_UO126,RD1_F2_m2f2_P2_Y90_UO184,FXX,1,0.0,0,0,0.0,0,0,0,-9999.0,0.47459071535655184,1,P2_CV0,1,1,1,1,1
1,1.0,1.0,R1_F1_m1f1_P1_Y92_UO241,RD1_F1_m1f1_P1_Y90_UO133,RD1_F3_m3f3_P3_Y90_UO76,MXY,1,0.0,0,0,0.0,0,0,0,-9999.0,0.4745906126125661,1,P2_CV0,1,0,2,0,2
1,1.0,1.0,R1_F1_m1f1_P1_Y92_UO337,RD1_F3_m3f3_P3_Y90_UO196,RD1_F1_m1f1_P1_Y90_UO230,FXX,1,0.0,0,0,0.0,0,0,0,-9999.0,0.4745906831232318,1,P2_CV0,1,0,2,1,1
1,1.0,1.0,R1_F1_m1f1_P1_Y90_UO230,RD1_F3_m3f3_P3_Y88_UO209,RD1_F3_m3f3_P3_Y88_UO139,MXY,3,0.0,1,0,0.0,0,0,0,-9999.0,0.4745905924025493,1,P2_CV0,1,1,1,1,1
1,1.0,1.0,R1_F1_m1f1_P1_Y92_UO43,RD1_F2_m2f2_P2_Y90_UO297,RD1_F1_m1f1_P1_Y90_UO349,MXY,1,0.0,0,0,0.0,0,0,0,-9999.0,0.474590668209224,1,P3_CV0,1,0,2,0,2
1,1.0,1.0,R1_F1_m1f1_P1_Y92_UO44,RD1_F2_m2f2_P2_Y90_UO297,RD1_F1_m1f1_P1_Y90_UO349,FXX,1,0.0,0,0,0.0,0,0,0,-9999.0,0.474590668209224,1,P3_CV0,1,1,1,1,1
1,1.0,1.0,R1_F1_m1f1_P1_Y92_UO167,RD1_F2_m2f2_P2_Y90_UO114,RD1_F2_m2f2_P2_Y90_UO59,FXX,1,0.0,0,0,0.0,0,0,0,-9999.0,0.4745906926911374,1,P3_CV0,1,1,1,2,0
1,1.0,1.0,R1_F1_m1f1_P1_Y92_UO168,RD1_F2_m2f2_P2_Y90_UO114,RD1_F2_m2f2_P2_Y90_UO59,FXX,1,0.0,0,0,0.0,0,0,0,-9999.0,0.4745906926911374,1,P3_CV0,1,1,1,2,0
1,1.0,1.0,R1_F1_m1f1_P1_Y92_UO227,RD1_F3_m3f3_P3_Y90_UO35,RD1_F2_m2f2_P2_Y90_UO59,FXX,1,0.0,0,0,0.0,0,0,0,-9999.0,0.4745907026935434,1,P3_CV0,1,1,1,1,1
1,1.0,1.0,R1_F1_m1f1_P1_Y92_UO228,RD1_F3_m3f3_P3_Y90_UO35,RD1_F2_m2f2_P2_Y90_UO59,FXX,1,0.0,0,0,0.0,0,0,0,-9999.0,0.4745907026935434,1,P3_CV0,1,0,2,2,0
1,1.0,1.0,R1_F1_m1f1_P1_Y92_UO259,RD1_F3_m3f3_P3_Y90_UO24,RD1_F1_m1f1_P1_Y90_UO111,FXX,1,0.0,0,0,0.0,0,0,0,-9999.0,0.47459073464522916,1,P3_CV0,1,1,1,1,1
1,1.0,1.0,R1_F1_m1f1_P1_Y92_UO261,RD1_F3_m3f3_P3_Y90_UO24,RD1_F1_m1f1_P1_Y90_UO111,MXY,1,0.0,0,0,0.0,0,0,0,-9999.0,0.47459073464522916,1,P3_CV0,1,2,0,0,2
1,1.0,1.0,R1_F1_m1f1_P1_Y92_UO324,RD1_F2_m2f2_P2_Y90_UO351,RD1_F1_m1f1_P1_Y90_UO349,MXY,1,0.0,0,0,0.0,0,0,0,-9999.0,0.4745907759764698,1,P3_CV0,1,0,2,1,1
1,1.0,1.0,R1_F1_m1f1_P1_Y92_UO325,RD1_F2_m2f2_P2_Y90_UO351,RD1_F1_m1f1_P1_Y90_UO349,FXX,1,0.0,0,0,0.0,0,0,0,-9999.0,0.4745907759764698,1,P3_CV0,1,0,2,1,1
1,1.0,1.0,R1_F1_m1f1_P1_Y92_UO328,RD1_F2_m2f2_P2_Y90_UO182,RD1_F2_m2f2_P2_Y90_UO309,FXX,1,0.0,0,0,0.0,0,0,0,-9999.0,0.47459064769503456,1,P3_CV0,1,1,1,2,0
1,1.0,1.0,R1_F1_m1f1_P1_Y92_UO329,RD1_F2_m2f2_P2_Y90_UO182,RD1_F2_m2f2_P2_Y90_UO309,MXY,1,0.0,0,0,0.0,0,0,0,-9999.0,0.47459064769503456,1,P3_CV0,1,2,0,2,0
1,1.0,1.0,R1_F1_m3f3_P3_Y90_UO35,RD3_F4_m4f4_P4_Y88_UO133,RD3_F3_m3f3_P3_Y88_UO313,FXX,3,0.0,1,0,1.0,0,0,0,-9999.0,0.47459072896064924,1,P3_CV0,1,1,1,1,1
2,2.0,1.0,R2_F2_m2f2_P2_Y92_UO67,RD2_F4_m4f4_P4_Y90_UO205,RD2_F2_m2f2_P2_Y90_UO318,FXX,1,0.0,0,0,0.0,0,0,0,-9999.0,0.47459066423177987,1,P0_CV0,1,2,0,1,1
2,2.0,1.0,R2_F2_m2f2_P2_Y92_UO68,RD2_F4_m4f4_P4_Y90_UO2,RD2_F2_m2f2_P2_Y90_UO319,FXX,1,0.0,0,0,0.0,0,0,0,-9999.0,0.47459063787661293,1,P0_CV0,1,1,1,1,1
2,2.0,1.0,R2_F2_m2f2_P2_Y92_UO79,RD2_F4_m4f4_P4_Y90_UO291,RD2_F1_m1f1_P1_Y90_UO241,MXY,1,0.0,0,0,0.0,0,0,0,-9999.0,0.474590701651163,1,P0_CV0,1,1,1,2,0
2,2.0,1.0,R2_F2_m2f2_P2_Y92_UO88,RD2_F2_m2f2_P2_Y90_UO115,RD2_F2_m2f2_P2_Y90_UO10,MXY,1,0.0,0,0,0.0,0,0,0,-9999.0,0.4745907420611246,1,P0_CV0,1,0,2,2,0
2,2.0,1.0,R2_F2_m2f2_P2_Y92_UO114,RD2_F2_m2f2_P2_Y90_UO13,RD2_F4_m4f4_P4_Y90_UO269,MXY,1,0.0,0,0,0.0,0,0,0,-9999.0,0.47459065626494734,1,P0_CV0,1,1,1,0,2
2,2.0,1.0,R2_F2_m2f2_P2_Y92_UO116,RD2_F1_m1f1_P1_Y90_UO34,RD2_F4_m4f4_P4_Y90_UO170,FXX,1,0.0,0,0,0.0,0,0,0,-9999.0,0.4745906689259698,1,P0_CV0,1,0,2,2,0
2,2.0,1.0,R2_F2_m2f2_P2_Y92_UO117,RD2_F1_m1f1_P1_Y90_UO34,RD2_F4_m4f4_P4_Y90_UO170,MXY,1,0.0,0,0,0.0,0,0,0,-9999.0,0.4745906689259698,1,P0_CV0,1,1,1,2,0
2,2.0,1.0,R2_F2_m2f2_P2_Y92_UO123,RD2_F1_m1f1_P1_Y90_UO45,RD2_F2_m2f2_P2_Y90_UO318,MXY,1,0.0,0,0,0.0,0,0,0,-9999.0,0.47459069207514304,1,P0_CV0,1,1,1,0,2
2,2.0,1.0,R2_F2_m2f2_P2_Y92_UO155,RD2_F2_m2f2_P2_Y90_UO116,RD2_F1_m1f1_P1_Y90_UO41,MXY,1,0.0,0,0,0.0,0,0,0,-9999.0,0.47459068221919765,1,P0_CV0,1,0,2,1,1
2,2.0,1.0,R2_F2_m2f2_P2_Y92_UO156,RD2_F2_m2f2_P2_Y90_UO116,RD2_F1_m1f1_P1_Y90_UO41,FXX,1,0.0,0,0,0.0,0,0,0,-9999.0,0.47459068221919765,1,P0_CV0,1,1,1,1,1
2,2.0,1.0,R2_F2_m2f2_P2_Y92_UO300,RD2_F4_m4f4_P4_Y90_UO29,RD2_F4_m4f4_P4_Y90_UO269,MXY,1,0.0,0,0,0.0,0,0,0,-9999.0,0.4745905960873351,1,P0_CV0,1,2,0,0,2
2,2.0,1.0,R2_F2_m2f2_P2_Y92_UO306,RD2_F4_m4f4_P4_Y90_UO291,RD2_F1_m1f1_P1_Y90_UO241,FXX,1,0.0,0,0,0.0,0,0,0,-9999.0,0.474590701651163,1,P0_CV0,1,1,1,1,1
2,2.0,1.0,R2_F2_m2f2_P2_Y92_UO343,RD2_F2_m2f2_P2_Y90_UO209,RD2_F2_m2f2_P2_Y90_UO319,MXY,1,0.0,0,0,0.0,0,0,0,-9999.0,0.47459058425764766,1,P0_CV0,1,1,1,0,2
2,2.0,1.0,R2_F2_m1f1_P1_Y90_UO34,RD1_F3_m3f3_P3_Y88_UO154,RD1_F2_m2f2_P2_Y88_UO99,FXX,3,0.0,1,0,1.0,0,0,0,-9999.0,0.474590633879707,1,P0_CV0,1,1,1,2,0
2,2.0,1.0,R2_F2_m2f2_P2_Y92_UO24,RD2_F1_m1f1_P1_Y90_UO255,RD2_F4_m4f4_P4_Y90_UO339,MXY,1,0.0,0,0,0.0,0,0,0,-9999.0,0.4745906521531502,1,P1_CV0,1,1,1,1,1
2,2.0,1.0,R2_F2_m2f2_P2_Y92_UO25,RD2_F1_m1f1_P1_Y90_UO255,RD2_F4_m4f4_P4_Y90_UO339,FXX,1,0.0,0,0,0.0,0,0,0,-9999.0,0.4745906521531502,1,P1_CV0,1,1,1,1,1
2,2.0,1.0,R2_F2_m2f2_P2_Y92_UO26,RD2_F1_m1f1_P1_Y90_UO255,RD2_F4_m4f4_P4_Y90_UO339,MXY,1,0.0,0,0,0.0,0,0,0,-9999.0,0.4745906521531502,1,P1_CV0,1,1,1,1,1
2,2.0,1.0,R2_F2_m2f2_P2_Y92_UO45,RD2_F1_m1f1_P1_Y90_UO25,RD2_F1_m1f1_P1_Y90_UO239,FXX,1,0.0,0,0,0.0,0,0,0,-9999.0,0.4745907406080647,1,P1_CV0,1,1,1,1,1
2,2.0,1.0,R2_F2_m2f2_P2_Y92_UO46,RD2_F1_m1f1_P1_Y90_UO25,RD2_F1_m1f1_P1_Y90_UO239,MXY,1,0.0,0,0,0.0,0,0,0,-9999.0,0.4745907406080647,1,P1_CV0,1,0,2,1,1
2,2.0,1.0,R2_F2_m2f2_P2_Y92_UO47,RD2_F1_m1f1_P1_Y90_UO25,RD2_F1_m1f1_P1_Y90_UO239,FXX,1,0.0,0,0,0.0,0,0,0,-9999.0,0.4745907406080647,1,P1_CV0,1,1,1,0,2
2,2.0,1.0,R2_F2_m2f2_P2_Y92_UO54,RD2_F2_m2f2_P2_Y90_UO296,RD2_F1_m1f1_P1_Y90_UO3,MXY,1,0.0,0,0,0.0,0,0,0,-9999.0,0.47459075818144214,1,P1_CV0,1,0,2,1,1
2,2.0,1.0,R2_F2_m2f2_P2_Y92_UO65,RD2_F4_m4f4_P4_Y90_UO205,RD2_F2_m2f2_P2_Y90_UO318,FXX,1,0.0,0,0,0.0,0,0,0,-9999.0,0.47459066423177987,1,P1_CV0,1,1,1,1,1
2,2.0,1.0,R2_F2_m2f2_P2_Y92_UO66,RD2_F4_m4f4_P4_Y90_UO205,RD2_F2_m2f2_P2_Y90_UO318,MXY,1,0.0,0,0,0.0,0,0,0,-9999.0,0.47459066423177987,1,P1_CV0,1,1,1,1,1
2,2.0,1.0,R2_F2_m2f2_P2_Y92_UO75,RD2_F2_m2f2_P2_Y90_UO296,RD2_F1_m1f1_P1_Y90_UO94,FXX,1,0.0,0,0,0.0,0,0,0,-9999.0,0.4745906987590054,1,P1_CV0,1,1,1,1,1
2,2.0,1.0,R2_F2_m2f2_P2_Y92_UO76,RD2_F2_m2f2_P2_Y90_UO296,RD2_F1_m1f1_P1_Y90_UO94,FXX,1,0.0,0,0,0.0,0,0,0,-9999.0,0.4745906987590054,1,P1_CV0,1,1,1,0,2
2,2.0,1.0,R2_F2_m2f2_P2_Y92_UO77,RD2_F2_m2f2_P2_Y90_UO296,RD2_F1_m1f1_P1_Y90_UO94,FXX,1,0.0,0,0,0.0,0,0,0,-9999.0,0.4745906987590054,1,P1_CV0,1,1,1,1,1
2,2.0,1.0,R2_F2_m2f2_P2_Y92_UO78,RD2_F4_m4f4_P4_Y90_UO291,RD2_F1_m1f1_P1_Y90_UO241,MXY,1,0.0,0,0,0.0,0,0,0,-9999.0,0.474590701651163,1,P1_CV0,1,0,2,1,1
2,2.0,1.0,R2_F2_m2f2_P2_Y92_UO82,RD2_F2_m2f2_P2_Y90_UO296,RD2_F4_m4f4_P4_Y90_UO325,MXY,1,0.0,0,0,0.0,0,0,0,-9999.0,0.47459065677986345,1,P1_CV0,1,1,1,2,0
2,2.0,1.0,R2_F2_m2f2_P2_Y92_UO89,RD2_F2_m2f2_P2_Y90_UO115,RD2_F2_m2f2_P2_Y90_UO10,MXY,1,0.0,0,0,0.0,0,0,0,-9999.0,0.4745907420611246,1,P1_CV0,1,0,2,2,0
2,2.0,1.0,R2_F2_m2f2_P2_Y92_UO107,RD2_F2_m2f2_P2_Y90_UO296,RD2_F4_m4f4_P4_Y90_UO338,FXX,1,0.0,0,0,0.0,0,0,0,-9999.0,0.47459063741564833,1,P1_CV0,1,0,2,1,1
2,2.0,1.0,R2_F2_m2f2_P2_Y92_UO108,RD2_F2_m2f2_P2_Y90_UO296,RD2_F4_m4f4_P4_Y90_UO338,MXY,1,0.0,0,0,0.0,0,0,0,-9999.0,0.47459063741564833,1,P1_CV0,1,0,2,2,0
2,2.0,1.0,R2_F2_m2f2_P2_Y92_UO109,RD2_F2_m2f2_P2_Y90_UO296,RD2_F4_m4f4_P4_Y90_UO338,MXY,1,0.0,0,0,0.0,0,0,0,-9999.0,0.47459063741564833,1,P1_CV0,1,0,2,2,0
2,2.0,1.0,R2_F2_m2f2_P2_Y92_UO113,RD2_F2_m2f2_P2_Y90_UO13,RD2_F4_m4f4_P4_Y90_UO269,MXY,1,0.0,0,0,0.0,0,0,0,-9999.0,0.47459065626494734,1,P1_CV0,1,1,1,0,2
2,2.0,1.0,R2_F2_m2f2_P2_Y92_UO115,RD2_F2_m2f2_P2_Y90_UO13,RD2_F4_m4f4_P4_Y90_UO269,MXY,1,0.0,0,0,0.0,0,0,0,-9999.0,0.47459065626494734,1,P1_CV0,1,1,1,1,1
2,2.0,1.0,R2_F2_m2f2_P2_Y92_UO120,RD2_F2_m2f2_P2_Y90_UO11,RD2_F4_m4f4_P4_Y90_UO68,FXX,1,0.0,0,0,0.0,0,0,0,-9999.0,0.4745906845708632,1,P1_CV0,1,0,2,2,0
2,2.0,1.0,R2_F2_m2f2_P2_Y92_UO124,RD2_F4_m4f4_P4_Y90_UO291,R2_F2_m4f4_P4_Y88_UO224,FXX,1,0.0,0,0,0.0,0,0,0,-9999.0,0.4745906243691209,1,P1_CV0,1,1,1,2,0
2,2.0,1.0,R2_F2_m2f2_P2_Y92_UO125,RD2_F4_m4f4_P4_Y90_UO291,R2_F2_m4f4_P4_Y88_UO224,MXY,1,0.0,0,0,0.0,0,0,0,-9999.0,0.4745906243691209,1,P1_CV0,1,1,1,2,0
2,2.0,1.0,R2_F2_m2f2_P2_Y92_UO164,RD2_F1_m1f1_P1_Y90_UO255,RD2_F4_m4f4_P4_Y90_UO122,MXY,1,0.0,0,0,0.0,0,0,0,-9999.0,0.4745906367395918,1,P1_CV0,1,2,0,1,1
2,2.0,1.0,R2_F2_m2f2_P2_Y92_UO165,RD2_F1_m1f1_P1_Y90_UO255,RD2_F4_m4f4_P4_Y90_UO122,FXX,1,0.0,0,0,0.0,0,0,0,-9999.0,0.4745906367395918,1,P1_CV0,1,1,1,0,2
2,2.0,1.0,R2_F2_m2f2_P2_Y92_UO174,RD2_F2_m2f2_P2_Y90_UO48,RD2_F4_m4f4_P4_Y90_UO226,MXY,1,0.0,0,0,0.0,0,0,0,-9999.0,0.4745906244345761,1,P1_CV0,1,0,2,0,2
2,2.0,1.0,R2_F2_m2f2_P2_Y92_UO175,RD2_F2_m2f2_P2_Y90_UO48,RD2_F4_m4f4_P4_Y90_UO226,FXX,1,0.0,0,0,0.0,0,0,0,-9999.0,0.4745906244345761,1,P1_CV0,1,0,2,1,1
2,2.0,1.0,R2_F2_m2f2_P2_Y92_UO196,RD2_F4_m4f4_P4_Y90_UO291,RD2_F2_m2f2_P2_Y90_UO181,FXX,1,0.0,0,0,0.0,0,0,0,-9999.0,0.4745907008784336,1,P1_CV0,1,1,1,2,0
2,2.0,1.0,R2_F2_m2f2_P2_Y92_UO197,RD2_F4_m4f4_P4_Y90_UO291,RD2_F2_m2f2_P2_Y90_UO181,MXY,1,0.0,0,0,0.0,0,0,0,-9999.0,0.4745907008784336,1,P1_CV0,1,0,2,1,1
2,2.0,1.0,R2_F2_m2f2_P2_Y92_UO206,RD2_F4_m4f4_P4_Y90_UO340,RD2_F4_m4f4_P4_Y90_UO100,FXX,1,0.0,0,0,0.0,0,0,0,-9999.0,0.4745906459115794,1,P1_CV0,1,0,2,1,1
2,2.0,1.0,R2_F2_m2f2_P2_Y92_UO207,RD2_F4_m4f4_P4_Y90_UO340,RD2_F4_m4f4_P4_Y90_UO100,MXY,1,0.0,0,0,0.0,0,0,0,-9999.0,0.4745906459115794,1,P1_CV0,1,0,2,2,0
2,2.0,1.0,R2_F2_m2f2_P2_Y92_UO208,RD2_F4_m4f4_P4_Y90_UO340,RD2_F4_m4f4_P4_Y90_UO100,FXX,1,0.0,0,0,0.0,0,0,0,-9999.0,0.4745906459115794,1,P1_CV0,1,0,2,0,2
2,2.0,1.0,R2_F2_m2f2_P2_Y92_UO226,RD2_F4_m4f4_P4_Y90_UO205,RD2_F1_m1f1_P1_Y90_UO117,FXX,1,0.0,0,0,0.0,0,0,0,-9999.0,0.4745906591449085,1,P1_CV0,1,1,1,1,1
2,2.0,1.0,R2_F2_m2f2_P2_Y92_UO244,RD2_F2_m2f2_P2_Y90_UO296,RD2_F1_m1f1_P1_Y90_UO3,FXX,1,0.0,0,0,0.0,0,0,0,-9999.0,0.47459075818144214,1,P1_CV0,1,0,2,2,0
2,2.0,1.0,R2_F2_m2f2_P2_Y92_UO246,RD2_F2_m2f2_P2_Y90_UO296,RD2_F1_m1f1_P1_Y90_UO3,FXX,1,0.0,0,0,0.0,0,0,0,-9999.0,0.47459075818144214,1,P1_CV0,1,0,2,0,2
2,2.0,1.0,R2_F2_m2f2_P2_Y92_UO247,RD2_F2_m2f2_P2_Y90_UO296,RD2_F1_m1f1_P1_Y90_UO3,FXX,1,0.0,0,0,0.0,0,0,0,-9999.0,0.47459075818144214,1,P1_CV0,1,1,1,0,2
2,2.0,1.0,R2_F2_m2f2_P2_Y92_UO253,RD2_F4_m4f4_P4_Y90_UO0,RD2_F4_m4f4_P4_Y90_UO123,FXX,1,0.0,0,0,0.0,0,0,0,-9999.0,0.4745906582230859,1,P1_CV0,1,1,1,0,2
2,2.0,1.0,R2_F2_m2f2_P2_Y92_UO254,RD2_F4_m4f4_P4_Y90_UO0,RD2_F4_m4f4_P4_Y90_UO123,FXX,1,0.0,0,0,0.0,0,0,0,-9999.0,0.4745906582230859,1,P1_CV0,1,1,1,0,2
2,2.0,1.0,R2_F2_m2f2_P2_Y92_UO255,RD2_F4_m4f4_P4_Y90_UO0,RD2_F4_m4f4_P4_Y90_UO123,MXY,1,0.0,0,0,0.0,0,0,0,-9999.0,0.4745906582230859,1,P1_CV0,1,1,1,0,2
2,2.0,1.0,R2_F2_m2f2_P2_Y92_UO256,RD2_F4_m4f4_P4_Y90_UO0,RD2_F4_m4f4_P4_Y90_UO123,FXX,1,0.0,0,0,0.0,0,0,0,-9999.0,0.4745906582230859,1,P1_CV0,1,1,1,0,2
2,2.0,1.0,R2_F2_m2f2_P2_Y92_UO262,RD2_F4_m4f4_P4_Y90_UO81,RD2_F2_m2f2_P2_Y90_UO10,MXY,1,0.0,0,0,0.0,0,0,0,-9999.0,0.4745907379988026,1,P1_CV0,1,1,1,1,1
2,2.0,1.0,R2_F2_m2f2_P2_Y92_UO263,RD2_F4_m4f4_P4_Y90_UO81,RD2_F2_m2f2_P2_Y90_UO10,FXX,1,0.0,0,0,0.0,0,0,0,-9999.0,0.4745907379988026,1,P1_CV0,1,0,2,2,0
2,2.0,1.0,R2_F2_m2f2_P2_Y92_UO264,RD2_F4_m4f4_P4_Y90_UO81,RD2_F2_m2f2_P2_Y90_UO10,FXX,1,0.0,0,0,0.0,0,0,0,-9999.0,0.4745907379988026,1,P1_CV0,1,0,2,2,0
2,2.0,1.0,R2_F2_m2f2_P2_Y92_UO291,RD2_F4_m4f4_P4_Y90_UO29,RD2_F4_m4f4_P4_Y90_UO248,MXY,1,0.0,0,0,0.0,0,0,0,-9999.0,0.47459068883804534,1,P1_CV0,1,1,1,1,1
2,2.0,1.0,R2_F2_m2f2_P2_Y92_UO299,RD2_F4_m4f4_P4_Y90_UO29,RD2_F4_m4f4_P4_Y90_UO269,MXY,1,0.0,0,0,0.0,0,0,0,-9999.0,0.4745905960873351,1,P1_CV0,1,2,0,1,1
2,2.0,1.0,R2_F2_m2f2_P2_Y92_UO301,RD2_F4_m4f4_P4_Y90_UO29,RD2_F4_m4f4_P4_Y90_UO269,FXX,1,0.0,0,0,0.0,0,0,0,-9999.0,0.4745905960873351,1,P1_CV0,1,2,0,1,1
2,2.0,1.0,R2_F2_m2f2_P2_Y92_UO307,RD2_F4_m4f4_P4_Y90_UO291,RD2_F1_m1f1_P1_Y90_UO241,MXY,1,0.0,0,0,0.0,0,0,0,-9999.0,0.474590701651163,1,P1_CV0,1,1,1,1,1
2,2.0,1.0,R2_F2_m2f2_P2_Y92_UO317,RD2_F4_m4f4_P4_Y90_UO285,RD2_F4_m4f4_P4_Y90_UO325,MXY,1,0.0,0,0,0.0,0,0,0,-9999.0,0.4745907452667666,1,P1_CV0,1,1,1,1,1
2,2.0,1.0,R2_F2_m2f2_P2_Y92_UO326,RD2_F4_m4f4_P4_Y90_UO291,RD2_F1_m1f1_P1_Y90_UO94,FXX,1,0.0,0,0,0.0,0,0,0,-9999.0,0.4745907554181201,1,P1_CV0,1,1,1,1,1
2,2.0,1.0,R2_F2_m2f2_P2_Y92_UO327,RD2_F4_m4f4_P4_Y90_UO291,RD2_F1_m1f1_P1_Y90_UO94,MXY,1,0.0,0,0,0.0,0,0,0,-9999.0,0.4745907554181201,1,P1_CV0,1,1,1,1,1
2,2.0,1.0,R2_F2_m2f2_P2_Y92_UO349,RD2_F1_m1f1_P1_Y90_UO223,RD2_F2_m2f2_P2_Y90_UO10,MXY,1,0.0,0,0,0.0,0,0,0,-9999.0,0.4745907043954958,1,P1_CV0,1,0,2,1,1
2,2.0,1.0,R2_F2_m2f2_P2_Y92_UO350,RD2_F1_m1f1_P1_Y90_UO223,RD2_F2_m2f2_P2_Y90_UO10,MXY,1,0.0,0,0,0.0,0,0,0,-9999.0,0.4745907043954958,1,P1_CV0,1,0,2,1,1
2,2.0,1.0,R2_F2_m2f2_P2_Y92_UO351,RD2_F1_m1f1_P1_Y90_UO223,RD2_F2_m2f2_P2_Y90_UO10,FXX,1,0.0,0,0,0.0,0,0,0,-9999.0,0.4745907043954958,1,P1_CV0,1,0,2,1,1
2,2.0,1.0,R2_F2_m2f2_P2_Y92_UO352,RD2_F1_m1f1_P1_Y90_UO223,RD2_F2_m2f2_P2_Y90_UO10,FXX,1,0.0,0,0,0.0,0,0,0,-9999.0,0.4745907043954958,1,P1_CV0,1,0,2,2,0
2,2.0,1.0,R2_F2_m2f2_P2_Y92_UO353,RD2_F2_m2f2_P2_Y90_UO11,RD2_F4_m4f4_P4_Y90_UO53,MXY,1,0.0,0,0,0.0,0,0,0,-9999.0,0.4745907214052032,1,P1_CV0,1,1,1,1,1
2,2.0,1.0,R2_F2_m2f2_P2_Y92_UO354,RD2_F2_m2f2_P2_Y90_UO11,RD2_F4_m4f4_P4_Y90_UO53,MXY,1,0.0,0,0,0.0,0,0,0,-9999.0,0.4745907214052032,1,P1_CV0,1,0,2,1,1
2,2.0,1.0,R2_F2_m2f2_P2_Y92_UO355,RD2_F2_m2f2_P2_Y90_UO11,RD2_F4_m4f4_P4_Y90_UO53,MXY,1,0.0,0,0,0.0,0,0,0,-9999.0,0.4745907214052032,1,P1_CV0,1,1,1,1,1
2,2.0,1.0,R2_F2_m2f2_P2_Y90_UO296,RD2_F4_m4f4_P4_Y88_UO34,RD2_F4_m4f4_P4_Y88_UO101,FXX,3,0.0,1,0,1.0,0,0,0,-9999.0,0.47459058353847894,1,P1_CV0,1,0,2,1,1
2,2.0,1.0,R2_F2_m2f2_P2_Y90_UO112,RD2_F4_m4f4_P4_Y88_UO55,RD2_F4_m4f4_P4_Y88_UO40,FXX,3,0.0,1,0,1.0,0,0,0,-9999.0,0.47459065965922065,1,P1_CV0,1,0,2,0,2
2,2.0,1.0,R2_F2_m2f2_P2_Y92_UO0,RD2_F2_m2f2_P2_Y90_UO97,RD2_F4_m4f4_P4_Y90_UO248,FXX,1,0.0,0,0,0.0,0,0,0,-9999.0,0.4745907142628134,1,P2_CV0,1,0,2,2,0
2,2.0,1.0,R2_F2_m2f2_P2_Y92_UO1,RD2_F2_m2f2_P2_Y90_UO97,RD2_F4_m4f4_P4_Y90_UO248,MXY,1,0.0,0,0,0.0,0,0,0,-9999.0,0.4745907142628134,1,P2_CV0,1,0,2,2,0
2,2.0,1.0,R2_F2_m2f2_P2_Y92_UO69,RD2_F4_m4f4_P4_Y90_UO2,RD2_F2_m2f2_P2_Y90_UO319,MXY,1,0.0,0,0,0.0,0,0,0,-9999.0,0.47459063787661293,1,P2_CV0,1,0,2,1,1
2,2.0,1.0,R2_F2_m2f2_P2_Y92_UO99,RD2_F4_m4f4_P4_Y90_UO166,RD2_F1_m1f1_P1_Y90_UO41,FXX,1,0.0,0,0,0.0,0,0,0,-9999.0,0.47459063000574986,1,P2_CV0,1,1,1,0,2
2,2.0,1.0,R2_F2_m2f2_P2_Y92_UO126,RD2_F4_m4f4_P4_Y90_UO2,RD2_F4_m4f4_P4_Y90_UO227,FXX,1,0.0,0,0,0.0,0,0,0,-9999.0,0.4745906492953331,1,P2_CV0,1,1,1,1,1
2,2.0,1.0,R2_F2_m2f2_P2_Y92_UO141,RD2_F4_m4f4_P4_Y90_UO43,RD2_F1_m1f1_P1_Y90_UO239,FXX,1,0.0,0,0,0.0,0,0,0,-9999.0,0.4745906443381571,1,P2_CV0,1,1,1,0,2
2,2.0,1.0,R2_F2_m2f2_P2_Y92_UO289,RD2_F4_m4f4_P4_Y90_UO29,RD2_F4_m4f4_P4_Y90_UO248,MXY,1,0.0,0,0,0.0,0,0,0,-9999.0,0.47459068883804534,1,P2_CV0,1,1,1,1,1
2,2.0,1.0,R2_F2_m2f2_P2_Y92_UO290,RD2_F4_m4f4_P4_Y90_UO29,RD2_F4_m4f4_P4_Y90_UO248,FXX,1,0.0,0,0,0.0,0,0,0,-9999.0,0.47459068883804534,1,P2_CV0,1,1,1,2,0
2,2.0,1.0,R2_F2_m2f2_P2_Y92_UO294,RD2_F1_m1f1_P1_Y90_UO222,RD2_F2_m2f2_P2_Y90_UO95,FXX,1,0.0,0,0,0.0,0,0,0,-9999.0,0.4745906696426516,1,P2_CV0,1,0,2,2,0
2,2.0,1.0,R2_F2_m2f2_P2_Y92_UO316,RD2_F4_m4f4_P4_Y90_UO285,RD2_F4_m4f4_P4_Y90_UO325,MXY,1,0.0,0,0,0.0,0,0,0,-9999.0,0.4745907452667666,1,P2_CV0,1,1,1,0,2
2,2.0,1.0,R2_F2_m2f2_P2_Y92_UO318,RD2_F4_m4f4_P4_Y90_UO285,RD2_F4_m4f4_P4_Y90_UO325,MXY,1,0.0,0,0,0.0,0,0,0,-9999.0,0.4745907452667666,1,P2_CV0,1,1,1,0,2
2,2.0,1.0,R2_F2_m2f2_P2_Y92_UO334,RD2_F1_m1f1_P1_Y90_UO18,RD2_F2_m2f2_P2_Y90_UO95,FXX,1,0.0,0,0,0.0,0,0,0,-9999.0,0.4745907775336917,1,P2_CV0,1,0,2,2,0
2,2.0,1.0,R2_F2_m2f2_P2_Y92_UO335,RD2_F1_m1f1_P1_Y90_UO18,RD2_F2_m2f2_P2_Y90_UO95,FXX,1,0.0,0,0,0.0,0,0,0,-9999.0,0.4745907775336917,1,P2_CV0,1,1,1,2,0
2,2.0,1.0,R2_F2_m2f2_P2_Y90_UO84,RD2_F2_m2f2_P2_Y88_UO330,RD2_F1_m1f1_P1_Y88_UO57,MXY,3,0.0,1,0,0.0,0,0,0,-9999.0,0.47459083965061666,1,P2_CV0,1,2,0,1,1
2,2.0,1.0,R2_F2_m2f2_P2_Y92_UO53,RD2_F2_m2f2_P2_Y90_UO296,RD2_F1_m1f1_P1_Y90_UO3,FXX,1,0.0,0,0,0.0,0,0,0,-9999.0,0.47459075818144214,1,P3_CV0,1,1,1,1,1
2,2.0,1.0,R2_F2_m2f2_P2_Y92_UO104,RD2_F2_m2f2_P2_Y90_UO11,RD2_F2_m2f2_P2_Y90_UO181,MXY,1,0.0,0,0,0.0,0,0,0,-9999.0,0.4745907400332854,1,P3_CV0,1,1,1,1,1
2,2.0,1.0,R2_F2_m2f2_P2_Y92_UO105,RD2_F2_m2f2_P2_Y90_UO11,RD2_F2_m2f2_P2_Y90_UO181,MXY,1,0.0,0,0,0.0,0,0,0,-9999.0,0.4745907400332854,1,P3_CV0,1,1,1,2,0
2,2.0,1.0,R2_F2_m2f2_P2_Y92_UO118,RD2_F2_m2f2_P2_Y90_UO11,RD2_F4_m4f4_P4_Y90_UO68,MXY,1,0.0,0,0,0.0,0,0,0,-9999.0,0.4745906845708632,1,P3_CV0,1,0,2,1,1
2,2.0,1.0,R2_F2_m2f2_P2_Y92_UO119,RD2_F2_m2f2_P2_Y90_UO11,RD2_F4_m4f4_P4_Y90_UO68,FXX,1,0.0,0,0,0.0,0,0,0,-9999.0,0.4745906845708632,1,P3_CV0,1,0,2,2,0
2,2.0,1.0,R2_F2_m2f2_P2_Y92_UO224,RD2_F4_m4f4_P4_Y90_UO205,RD2_F1_m1f1_P1_Y90_UO117,MXY,1,0.0,0,0,0.0,0,0,0,-9999.0,0.4745906591449085,1,P3_CV0,1,1,1,1,1
2,2.0,1.0,R2_F2_m2f2_P2_Y92_UO225,RD2_F4_m4f4_P4_Y90_UO205,RD2_F1_m1f1_P1_Y90_UO117,FXX,1,0.0,0,0,0.0,0,0,0,-9999.0,0.4745906591449085,1,P3_CV0,1,1,1,1,1
2,2.0,1.0,R2_F2_m2f2_P2_Y92_UO243,RD2_F2_m2f2_P2_Y90_UO296,RD2_F1_m1f1_P1_Y90_UO3,MXY,1,0.0,0,0,0.0,0,0,0,-9999.0,0.47459075818144214,1,P3_CV0,1,1,1,0,2
2,2.0,1.0,R2_F2_m2f2_P2_Y92_UO245,RD2_F2_m2f2_P2_Y90_UO296,RD2_F1_m1f1_P1_Y90_UO3,MXY,1,0.0,0,0,0.0,0,0,0,-9999.0,0.47459075818144214,1,P3_CV0,1,1,1,1,1
3,1.0,2.0,R3_F3_m3f3_P3_Y92_UO9,RD3_F3_m3f3_P3_Y90_UO146,RD3_F4_m4f4_P4_Y90_UO305,MXY,1,0.0,0,0,0.0,0,0,0,-9999.0,0.4745907347889613,1,P0_CV0,1,0,2,1,1
3,1.0,2.0,R3_F3_m3f3_P3_Y92_UO21,RD3_F3_m3f3_P3_Y90_UO148,RD3_F4_m4f4_P4_Y90_UO149,FXX,1,0.0,0,0,0.0,0,0,0,-9999.0,0.4745906286116508,1,P0_CV0,1,0,2,0,2
3,1.0,2.0,R3_F3_m3f3_P3_Y92_UO34,RD3_F3_m3f3_P3_Y90_UO157,RD3_F1_m1f1_P1_Y90_UO158,MXY,1,0.0,0,0,0.0,0,0,0,-9999.0,0.47459073354732695,1,P0_CV0,1,1,1,0,2
3,1.0,2.0,R3_F3_m3f3_P3_Y92_UO35,RD3_F3_m3f3_P3_Y90_UO157,RD3_F1_m1f1_P1_Y90_UO158,MXY,1,0.0,0,0,0.0,0,0,0,-9999.0,0.47459073354732695,1,P0_CV0,1,1,1,0,2
3,1.0,2.0,R3_F3_m3f3_P3_Y92_UO36,RD3_F1_m1f1_P1_Y90_UO20,RD3_F1_m1f1_P1_Y90_UO93,FXX,1,0.0,0,0,0.0,0,0,0,-9999.0,0.4745908316930958,1,P0_CV0,1,1,1,0,2
3,1.0,2.0,R3_F3_m3f3_P3_Y92_UO73,RD3_F3_m3f3_P3_Y90_UO55,RD3_F1_m1f1_P1_Y90_UO33,MXY,1,0.0,0,0,0.0,0,0,0,-9999.0,0.47459065299838343,1,P0_CV0,1,0,2,0,2
3,1.0,2.0,R3_F3_m3f3_P3_Y92_UO74,RD3_F3_m3f3_P3_Y90_UO55,RD3_F1_m1f1_P1_Y90_UO33,FXX,1,0.0,0,0,0.0,0,0,0,-9999.0,0.47459065299838343,1,P0_CV0,1,0,2,1,1
3,1.0,2.0,R3_F3_m3f3_P3_Y92_UO101,RD3_F3_m3f3_P3_Y90_UO157,RD3_F4_m4f4_P4_Y90_UO308,FXX,1,0.0,0,0,0.0,0,0,0,-9999.0,0.4745906294918285,1,P0_CV0,1,0,2,0,2
3,1.0,2.0,R3_F3_m3f3_P3_Y92_UO135,RD3_F1_m1f1_P1_Y90_UO274,RD3_F3_m3f3_P3_Y90_UO17,MXY,1,0.0,0,0,0.0,0,0,0,-9999.0,0.47459081766608335,1,P0_CV0,1,1,1,2,0
3,1.0,2.0,R3_F3_m3f3_P3_Y92_UO139,RD3_F1_m1f1_P1_Y90_UO69,RD3_F3_m3f3_P3_Y90_UO77,MXY,1,0.0,0,0,0.0,0,0,0,-9999.0,0.4745906086805469,1,P0_CV0,1,1,1,0,2
3,1.0,2.0,R3_F3_m3f3_P3_Y92_UO140,RD3_F1_m1f1_P1_Y90_UO69,RD3_F3_m3f3_P3_Y90_UO77,FXX,1,0.0,0,0,0.0,0,0,0,-9999.0,0.4745906086805469,1,P0_CV0,1,2,0,1,1
3,1.0,2.0,R3_F3_m3f3_P3_Y92_UO250,RD3_F4_m4f4_P4_Y90_UO28,RD3_F3_m3f3_P3_Y90_UO17,FXX,1,0.0,0,0,0.0,0,0,0,-9999.0,0.4745906820800947,1,P0_CV0,1,2,0,2,0
3,1.0,2.0,R3_F3_m3f3_P3_Y92_UO295,RD3_F1_m1f1_P1_Y90_UO254,RD3_F4_m4f4_P4_Y90_UO305,MXY,1,0.0,0,0,0.0,0,0,0,-9999.0,0.47459066129271577,1,P0_CV0,1,0,2,1,1
3,1.0,2.0,R3_F3_m3f3_P3_Y92_UO344,RD3_F1_m1f1_P1_Y90_UO131,RD3_F4_m4f4_P4_Y90_UO307,MXY,1,0.0,0,0,0.0,0,0,0,-9999.0,0.474590667329732,1,P0_CV0,1,0,2,1,1
3,1.0,2.0,R3_F3_m3f3_P3_Y92_UO10,RD3_F3_m3f3_P3_Y90_UO146,RD3_F4_m4f4_P4_Y90_UO305,FXX,1,0.0,0,0,0.0,0,0,0,-9999.0,0.4745907347889613,1,P1_CV0,1,0,2,1,1
3,1.0,2.0,R3_F3_m3f3_P3_Y92_UO12,RD3_F3_m3f3_P3_Y90_UO146,RD3_F1_m1f1_P1_Y90_UO93,MXY,1,0.0,0,0,0.0,0,0,0,-9999.0,0.4745908062278126,1,P1_CV0,1,0,2,1,1
3,1.0,2.0,R3_F3_m3f3_P3_Y92_UO13,RD3_F3_m3f3_P3_Y90_UO21,RD3_F4_m4f4_P4_Y90_UO44,MXY,1,0.0,0,0,0.0,0,0,0,-9999.0,0.4745906099502619,1,P1_CV0,1,0,2,1,1
3,1.0,2.0,R3_F3_m3f3_P3_Y92_UO20,RD3_F3_m3f3_P3_Y90_UO148,RD3_F4_m4f4_P4_Y90_UO149,FXX,1,0.0,0,0,0.0,0,0,0,-9999.0,0.4745906286116508,1,P1_CV0,1,1,1,0,2
3,1.0,2.0,R3_F3_m3f3_P3_Y92_UO22,RD3_F3_m3f3_P3_Y90_UO253,RD3_F3_m3f3_P3_Y90_UO271,MXY,1,0.0,0,0,0.0,0,0,0,-9999.0,0.47459073764866844,1,P1_CV0,1,0,2,0,2
3,1.0,2.0,R3_F3_m3f3_P3_Y92_UO23,RD3_F3_m3f3_P3_Y90_UO253,RD3_F3_m3f3_P3_Y90_UO271,FXX,1,0.0,0,0,0.0,0,0,0,-9999.0,0.47459073764866844,1,P1_CV0,1,1,1,1,1
3,1.0,2.0,R3_F3_m3f3_P3_Y92_UO27,RD3_F3_m3f3_P3_Y90_UO14,RD3_F4_m4f4_P4_Y90_UO304,FXX,1,0.0,0,0,0.0,0,0,0,-9999.0,0.47459068121138515,1,P1_CV0,1,1,1,1,1
3,1.0,2.0,R3_F3_m3f3_P3_Y92_UO28,RD3_F3_m3f3_P3_Y90_UO14,RD3_F4_m4f4_P4_Y90_UO304,FXX,1,0.0,0,0,0.0,0,0,0,-9999.0,0.47459068121138515,1,P1_CV0,1,1,1,1,1
3,1.0,2.0,R3_F3_m3f3_P3_Y92_UO42,RD3_F3_m3f3_P3_Y90_UO92,RD3_F1_m1f1_P1_Y90_UO200,MXY,1,0.0,0,0,0.0,0,0,0,-9999.0,0.4745907935532401,1,P1_CV0,1,1,1,0,2
3,1.0,2.0,R3_F3_m3f3_P3_Y92_UO71,RD3_F1_m1f1_P1_Y90_UO276,RD3_F4_m4f4_P4_Y90_UO305,FXX,1,0.0,0,0,0.0,0,0,0,-9999.0,0.4745906343062245,1,P1_CV0,1,0,2,1,1
3,1.0,2.0,R3_F3_m3f3_P3_Y92_UO72,RD3_F1_m1f1_P1_Y90_UO276,RD3_F4_m4f4_P4_Y90_UO305,MXY,1,0.0,0,0,0.0,0,0,0,-9999.0,0.4745906343062245,1,P1_CV0,1,0,2,1,1
3,1.0,2.0,R3_F3_m3f3_P3_Y92_UO102,RD3_F3_m3f3_P3_Y90_UO21,RD3_F1_m1f1_P1_Y90_UO33,MXY,1,0.0,0,0,0.0,0,0,0,-9999.0,0.47459060558501776,1,P1_CV0,1,1,1,2,0
3,1.0,2.0,R3_F3_m3f3_P3_Y92_UO103,RD3_F3_m3f3_P3_Y90_UO21,RD3_F1_m1f1_P1_Y90_UO33,MXY,1,0.0,0,0,0.0,0,0,0,-9999.0,0.47459060558501776,1,P1_CV0,1,1,1,2,0
3,1.0,2.0,R3_F3_m3f3_P3_Y92_UO106,RD3_F1_m1f1_P1_Y90_UO20,RD3_F3_m3f3_P3_Y90_UO132,MXY,1,0.0,0,0,0.0,0,0,0,-9999.0,0.4745908439746671,1,P1_CV0,1,1,1,1,1
3,1.0,2.0,R3_F3_m3f3_P3_Y92_UO110,RD3_F3_m3f3_P3_Y90_UO38,RD3_F1_m1f1_P1_Y90_UO232,FXX,1,0.0,0,0,0.0,0,0,0,-9999.0,0.4745907829327116,1,P1_CV0,1,0,2,2,0
3,1.0,2.0,R3_F3_m3f3_P3_Y92_UO111,RD3_F3_m3f3_P3_Y90_UO38,RD3_F1_m1f1_P1_Y90_UO232,FXX,1,0.0,0,0,0.0,0,0,0,-9999.0,0.4745907829327116,1,P1_CV0,1,0,2,2,0
3,1.0,2.0,R3_F3_m3f3_P3_Y92_UO112,RD3_F3_m3f3_P3_Y90_UO38,RD3_F1_m1f1_P1_Y90_UO232,MXY,1,0.0,0,0,0.0,0,0,0,-9999.0,0.4745907829327116,1,P1_CV0,1,0,2,2,0
3,1.0,2.0,R3_F3_m3f3_P3_Y92_UO127,RD3_F3_m3f3_P3_Y90_UO185,RD3_F1_m1f1_P1_Y90_UO314,FXX,1,0.0,0,0,0.0,0,0,0,-9999.0,0.4745907873156092,1,P1_CV0,1,2,0,2,0
3,1.0,2.0,R3_F3_m3f3_P3_Y92_UO128,RD3_F3_m3f3_P3_Y90_UO185,RD3_F1_m1f1_P1_Y90_UO314,FXX,1,0.0,0,0,0.0,0,0,0,-9999.0,0.4745907873156092,1,P1_CV0,1,2,0,2,0
3,1.0,2.0,R3_F3_m3f3_P3_Y92_UO129,RD3_F3_m3f3_P3_Y90_UO185,RD3_F1_m1f1_P1_Y90_UO314,MXY,1,0.0,0,0,0.0,0,0,0,-9999.0,0.4745907873156092,1,P1_CV0,1,1,1,2,0
3,1.0,2.0,R3_F3_m3f3_P3_Y92_UO134,RD3_F1_m1f1_P1_Y90_UO274,RD3_F3_m3f3_P3_Y90_UO17,MXY,1,0.0,0,0,0.0,0,0,0,-9999.0,0.47459081766608335,1,P1_CV0,1,2,0,2,0
3,1.0,2.0,R3_F3_m3f3_P3_Y92_UO147,RD3_F4_m4f4_P4_Y90_UO175,RD3_F1_m1f1_P1_Y90_UO159,FXX,1,0.0,0,0,0.0,0,0,0,-9999.0,0.4745907371543012,1,P1_CV0,1,0,2,1,1
3,1.0,2.0,R3_F3_m3f3_P3_Y92_UO151,RD3_F3_m3f3_P3_Y90_UO219,RD3_F4_m4f4_P4_Y90_UO27,MXY,1,0.0,0,0,0.0,0,0,0,-9999.0,0.47459071158924004,1,P1_CV0,1,1,1,1,1
3,1.0,2.0,R3_F3_m3f3_P3_Y92_UO152,RD3_F3_m3f3_P3_Y90_UO219,RD3_F4_m4f4_P4_Y90_UO27,MXY,1,0.0,0,0,0.0,0,0,0,-9999.0,0.47459071158924004,1,P1_CV0,1,2,0,1,1
3,1.0,2.0,R3_F3_m3f3_P3_Y92_UO153,RD3_F1_m1f1_P1_Y90_UO254,RD3_F4_m4f4_P4_Y90_UO54,FXX,1,0.0,0,0,0.0,0,0,0,-9999.0,0.4745906595637983,1,P1_CV0,1,0,2,2,0
3,1.0,2.0,R3_F3_m3f3_P3_Y92_UO154,RD3_F1_m1f1_P1_Y90_UO254,RD3_F4_m4f4_P4_Y90_UO54,MXY,1,0.0,0,0,0.0,0,0,0,-9999.0,0.4745906595637983,1,P1_CV0,1,2,0,0,2
3,1.0,2.0,R3_F3_m3f3_P3_Y92_UO157,RD3_F1_m1f1_P1_Y90_UO192,RD3_F3_m3f3_P3_Y90_UO336,FXX,1,0.0,0,0,0.0,0,0,0,-9999.0,0.47459073543956976,1,P1_CV0,1,2,0,0,2
3,1.0,2.0,R3_F3_m3f3_P3_Y92_UO158,RD3_F1_m1f1_P1_Y90_UO192,RD3_F3_m3f3_P3_Y90_UO336,FXX,1,0.0,0,0,0.0,0,0,0,-9999.0,0.47459073543956976,1,P1_CV0,1,1,1,0,2
3,1.0,2.0,R3_F3_m3f3_P3_Y92_UO176,RD3_F3_m3f3_P3_Y90_UO38,RD3_F1_m1f1_P1_Y90_UO159,MXY,1,0.0,0,0,0.0,0,0,0,-9999.0,0.47459084800609475,1,P1_CV0,1,0,2,1,1
3,1.0,2.0,R3_F3_m3f3_P3_Y92_UO177,RD3_F3_m3f3_P3_Y90_UO38,RD3_F1_m1f1_P1_Y90_UO159,FXX,1,0.0,0,0,0.0,0,0,0,-9999.0,0.47459084800609475,1,P1_CV0,1,0,2,1,1
3,1.0,2.0,R3_F3_m3f3_P3_Y92_UO178,RD3_F3_m3f3_P3_Y90_UO38,RD3_F1_m1f1_P1_Y90_UO159,MXY,1,0.0,0,0,0.0,0,0,0,-9999.0,0.47459084800609475,1,P1_CV0,1,1,1,1,1
3,1.0,2.0,R3_F3_m3f3_P3_Y92_UO179,RD3_F3_m3f3_P3_Y90_UO252,RD3_F4_m4f4_P4_Y90_UO304,MXY,1,0.0,0,0,0.0,0,0,0,-9999.0,0.47459070850499785,1,P1_CV0,1,1,1,0,2
3,1.0,2.0,R3_F3_m3f3_P3_Y92_UO180,RD3_F3_m3f3_P3_Y90_UO252,RD3_F4_m4f4_P4_Y90_UO304,MXY,1,0.0,0,0,0.0,0,0,0,-9999.0,0.47459070850499785,1,P1_CV0,1,0,2,1,1
3,1.0,2.0,R3_F3_m3f3_P3_Y92_UO192,RD3_F3_m3f3_P3_Y90_UO219,RD3_F1_m1f1_P1_Y90_UO240,FXX,1,0.0,0,0,0.0,0,0,0,-9999.0,0.4745907374064551,1,P1_CV0,1,1,1,2,0
3,1.0,2.0,R3_F3_m3f3_P3_Y92_UO193,RD3_F3_m3f3_P3_Y90_UO219,RD3_F1_m1f1_P1_Y90_UO240,MXY,1,0.0,0,0,0.0,0,0,0,-9999.0,0.4745907374064551,1,P1_CV0,1,0,2,1,1
3,1.0,2.0,R3_F3_m3f3_P3_Y92_UO194,RD3_F3_m3f3_P3_Y90_UO252,RD3_F1_m1f1_P1_Y90_UO158,FXX,1,0.0,0,0,0.0,0,0,0,-9999.0,0.4745908125604963,1,P1_CV0,1,1,1,0,2
3,1.0,2.0,R3_F3_m3f3_P3_Y92_UO195,RD3_F3_m3f3_P3_Y90_UO252,RD3_F1_m1f1_P1_Y90_UO158,MXY,1,0.0,0,0,0.0,0,0,0,-9999.0,0.4745908125604963,1,P1_CV0,1,1,1,0,2
3,1.0,2.0,R3_F3_m3f3_P3_Y92_UO203,RD3_F3_m3f3_P3_Y90_UO92,RD3_F3_m3f3_P3_Y90_UO132,MXY,1,0.0,0,0,0.0,0,0,0,-9999.0,0.4745908313875056,1,P1_CV0,1,0,2,0,2
3,1.0,2.0,R3_F3_m3f3_P3_Y92_UO209,RD3_F1_m1f1_P1_Y90_UO69,RD3_F4_m4f4_P4_Y90_UO290,FXX,1,0.0,0,0,0.0,0,0,0,-9999.0,0.47459065028469993,1,P1_CV0,1,0,2,1,1
3,1.0,2.0,R3_F3_m3f3_P3_Y92_UO229,RD3_F3_m3f3_P3_Y90_UO342,RD3_F1_m1f1_P1_Y90_UO26,MXY,1,0.0,0,0,0.0,0,0,0,-9999.0,0.4745907424537954,1,P1_CV0,1,0,2,1,1
3,1.0,2.0,R3_F3_m3f3_P3_Y92_UO230,RD3_F3_m3f3_P3_Y90_UO342,RD3_F1_m1f1_P1_Y90_UO26,MXY,1,0.0,0,0,0.0,0,0,0,-9999.0,0.4745907424537954,1,P1_CV0,1,0,2,1,1
3,1.0,2.0,R3_F3_m3f3_P3_Y92_UO238,RD3_F4_m4f4_P4_Y90_UO79,RD3_F4_m4f4_P4_Y90_UO307,FXX,1,0.0,0,0,0.0,0,0,0,-9999.0,0.4745906859665112,1,P1_CV0,1,0,2,2,0
3,1.0,2.0,R3_F3_m3f3_P3_Y92_UO239,RD3_F4_m4f4_P4_Y90_UO79,RD3_F4_m4f4_P4_Y90_UO307,MXY,1,0.0,0,0,0.0,0,0,0,-9999.0,0.4745906859665112,1,P1_CV0,1,1,1,1,1
3,1.0,2.0,R3_F3_m3f3_P3_Y92_UO279,RD3_F4_m4f4_P4_Y90_UO246,RD3_F4_m4f4_P4_Y90_UO245,FXX,1,0.0,0,0,0.0,0,0,0,-9999.0,0.4745907228649031,1,P1_CV0,1,0,2,2,0
3,1.0,2.0,R3_F3_m3f3_P3_Y92_UO284,RD3_F1_m1f1_P1_Y90_UO192,RD3_F1_m1f1_P1_Y90_UO212,FXX,1,0.0,0,0,0.0,0,0,0,-9999.0,0.47459080270965615,1,P1_CV0,1,1,1,1,1
3,1.0,2.0,R3_F3_m3f3_P3_Y92_UO285,RD3_F1_m1f1_P1_Y90_UO192,RD3_F1_m1f1_P1_Y90_UO212,MXY,1,0.0,0,0,0.0,0,0,0,-9999.0,0.47459080270965615,1,P1_CV0,1,1,1,0,2
3,1.0,2.0,R3_F3_m3f3_P3_Y92_UO292,RD3_F3_m3f3_P3_Y90_UO252,RD3_F3_m3f3_P3_Y90_UO331,MXY,1,0.0,0,0,0.0,0,0,0,-9999.0,0.47459072771237487,1,P1_CV0,1,1,1,0,2
3,1.0,2.0,R3_F3_m3f3_P3_Y92_UO293,RD3_F3_m3f3_P3_Y90_UO252,RD3_F3_m3f3_P3_Y90_UO331,MXY,1,0.0,0,0,0.0,0,0,0,-9999.0,0.47459072771237487,1,P1_CV0,1,0,2,0,2
3,1.0,2.0,R3_F3_m3f3_P3_Y92_UO296,RD3_F1_m1f1_P1_Y90_UO254,RD3_F4_m4f4_P4_Y90_UO305,MXY,1,0.0,0,0,0.0,0,0,0,-9999.0,0.47459066129271577,1,P1_CV0,1,0,2,2,0
3,1.0,2.0,R3_F3_m3f3_P3_Y92_UO297,RD3_F1_m1f1_P1_Y90_UO254,RD3_F1_m1f1_P1_Y90_UO139,MXY,1,0.0,0,0,0.0,0,0,0,-9999.0,0.47459072304837946,1,P1_CV0,1,1,1,0,2
3,1.0,2.0,R3_F3_m3f3_P3_Y92_UO298,RD3_F1_m1f1_P1_Y90_UO254,RD3_F1_m1f1_P1_Y90_UO139,MXY,1,0.0,0,0,0.0,0,0,0,-9999.0,0.47459072304837946,1,P1_CV0,1,1,1,1,1
3,1.0,2.0,R3_F3_m3f3_P3_Y92_UO304,RD3_F1_m1f1_P1_Y90_UO69,RD3_F4_m4f4_P4_Y90_UO99,FXX,1,0.0,0,0,0.0,0,0,0,-9999.0,0.47459060212151627,1,P1_CV0,1,0,2,1,1
3,1.0,2.0,R3_F3_m3f3_P3_Y92_UO305,RD3_F1_m1f1_P1_Y90_UO69,RD3_F4_m4f4_P4_Y90_UO99,MXY,1,0.0,0,0,0.0,0,0,0,-9999.0,0.47459060212151627,1,P1_CV0,1,0,2,0,2
3,1.0,2.0,R3_F3_m3f3_P3_Y92_UO308,RD3_F4_m4f4_P4_Y90_UO259,RD3_F4_m4f4_P4_Y90_UO206,MXY,1,0.0,0,0,0.0,0,0,0,-9999.0,0.4745906922274621,1,P1_CV0,1,0,2,2,0
3,1.0,2.0,R3_F3_m3f3_P3_Y92_UO309,RD3_F4_m4f4_P4_Y90_UO259,RD3_F4_m4f4_P4_Y90_UO206,MXY,1,0.0,0,0,0.0,0,0,0,-9999.0,0.4745906922274621,1,P1_CV0,1,0,2,2,0
3,1.0,2.0,R3_F3_m3f3_P3_Y92_UO332,RD3_F3_m3f3_P3_Y90_UO153,RD3_F4_m4f4_P4_Y90_UO323,FXX,1,0.0,0,0,0.0,0,0,0,-9999.0,0.4745906713957062,1,P1_CV0,1,2,0,2,0
3,1.0,2.0,R3_F3_m3f3_P3_Y92_UO333,RD3_F3_m3f3_P3_Y90_UO153,RD3_F4_m4f4_P4_Y90_UO323,FXX,1,0.0,0,0,0.0,0,0,0,-9999.0,0.4745906713957062,1,P1_CV0,1,2,0,2,0
3,1.0,2.0,R3_F3_m3f3_P3_Y92_UO345,RD3_F3_m3f3_P3_Y90_UO148,RD3_F1_m1f1_P1_Y90_UO240,MXY,1,0.0,0,0,0.0,0,0,0,-9999.0,0.47459062989980083,1,P1_CV0,1,0,2,1,1
3,1.0,2.0,R3_F3_m3f3_P3_Y92_UO346,RD3_F3_m3f3_P3_Y90_UO148,RD3_F1_m1f1_P1_Y90_UO240,MXY,1,0.0,0,0,0.0,0,0,0,-9999.0,0.47459062989980083,1,P1_CV0,1,1,1,0,2
3,1.0,2.0,R3_F3_m1f1_P1_Y90_UO240,RD1_F2_m2f2_P2_Y88_UO334,RD1_F2_m2f2_P2_Y88_UO175,MXY,3,0.0,1,0,0.0,0,0,0,-9999.0,0.4745907064456176,1,P1_CV0,1,0,2,1,1
3,1.0,2.0,R3_F3_m1f1_P1_Y90_UO159,RD1_F1_m1f1_P1_Y88_UO322,RD1_F1_m1f1_P1_Y88_UO202,MXY,3,0.0,1,0,0.0,0,0,0,-9999.0,0.47459087921282617,1,P1_CV0,1,1,1,0,2
3,1.0,2.0,R3_F3_m3f3_P3_Y92_UO11,RD3_F3_m3f3_P3_Y90_UO146,RD3_F1_m1f1_P1_Y90_UO93,FXX,1,0.0,0,0,0.0,0,0,0,-9999.0,0.4745908062278126,1,P2_CV0,1,1,1,1,1
3,1.0,2.0,R3_F3_m3f3_P3_Y92_UO14,RD3_F3_m3f3_P3_Y90_UO21,RD3_F4_m4f4_P4_Y90_UO44,FXX,1,0.0,0,0,0.0,0,0,0,-9999.0,0.4745906099502619,1,P2_CV0,1,0,2,1,1
3,1.0,2.0,R3_F3_m3f3_P3_Y92_UO52,RD3_F3_m3f3_P3_Y90_UO163,RD3_F4_m4f4_P4_Y90_UO176,FXX,1,0.0,0,0,0.0,0,0,0,-9999.0,0.47459061010767556,1,P2_CV0,1,1,1,0,2
3,1.0,2.0,R3_F3_m3f3_P3_Y92_UO70,RD3_F3_m3f3_P3_Y90_UO156,RD3_F4_m4f4_P4_Y90_UO176,FXX,1,0.0,0,0,0.0,0,0,0,-9999.0,0.474590591488802,1,P2_CV0,1,0,2,1,1
3,1.0,2.0,R3_F3_m3f3_P3_Y92_UO280,RD3_F4_m4f4_P4_Y90_UO246,RD3_F4_m4f4_P4_Y90_UO245,FXX,1,0.0,0,0,0.0,0,0,0,-9999.0,0.4745907228649031,1,P2_CV0,1,1,1,2,0
3,1.0,2.0,R3_F3_m3f3_P3_Y92_UO63,RD3_F4_m4f4_P4_Y90_UO292,RD3_F4_m4f4_P4_Y90_UO290,FXX,1,0.0,0,0,0.0,0,0,0,-9999.0,0.4745906968567084,1,P3_CV0,1,2,0,2,0
3,1.0,2.0,R3_F3_m3f3_P3_Y92_UO64,RD3_F4_m4f4_P4_Y90_UO292,RD3_F4_m4f4_P4_Y90_UO290,FXX,1,0.0,0,0,0.0,0,0,0,-9999.0,0.4745906968567084,1,P3_CV0,1,1,1,2,0
3,1.0,2.0,R3_F3_m3f3_P3_Y92_UO98,RD3_F4_m4f4_P4_Y90_UO268,RD3_F3_m3f3_P3_Y90_UO271,MXY,1,0.0,0,0,0.0,0,0,0,-9999.0,0.47459063337632656,1,P3_CV0,1,1,1,1,1
3,1.0,2.0,R3_F3_m3f3_P3_Y92_UO257,RD3_F3_m3f3_P3_Y90_UO22,RD3_F1_m1f1_P1_Y90_UO46,MXY,1,0.0,0,0,0.0,0,0,0,-9999.0,0.4745906708339298,1,P3_CV0,1,0,2,0,2
3,1.0,2.0,R3_F3_m3f3_P3_Y92_UO258,RD3_F3_m3f3_P3_Y90_UO22,RD3_F1_m1f1_P1_Y90_UO46,FXX,1,0.0,0,0,0.0,0,0,0,-9999.0,0.4745906708339298,1,P3_CV0,1,1,1,1,1
3,1.0,2.0,R3_F3_m3f3_P3_Y92_UO265,RD3_F4_m4f4_P4_Y90_UO28,RD3_F4_m4f4_P4_Y90_UO206,MXY,1,0.0,0,0,0.0,0,0,0,-9999.0,0.47459068175099617,1,P3_CV0,1,1,1,2,0
3,1.0,2.0,R3_F3_m3f3_P3_Y92_UO266,RD3_F1_m1f1_P1_Y90_UO187,RD3_F1_m1f1_P1_Y90_UO93,MXY,1,0.0,0,0,0.0,0,0,0,-9999.0,0.4745906756710383,1,P3_CV0,1,1,1,1,1
3,1.0,2.0,R3_F3_m3f3_P3_Y92_UO267,RD3_F1_m1f1_P1_Y90_UO187,RD3_F1_m1f1_P1_Y90_UO93,FXX,1,0.0,0,0,0.0,0,0,0,-9999.0,0.4745906756710383,1,P3_CV0,1,0,2,1,1
3,1.0,2.0,R3_F3_m3f3_P3_Y92_UO302,RD3_F3_m3f3_P3_Y90_UO92,R3_F3_m1f1_P1_Y88_UO179,FXX,1,0.0,0,0,0.0,0,0,0,-9999.0,0.47459082679860387,1,P3_CV0,1,1,1,1,1
3,1.0,2.0,R3_F3_m3f3_P3_Y92_UO303,RD3_F3_m3f3_P3_Y90_UO92,R3_F3_m1f1_P1_Y88_UO179,FXX,1,0.0,0,0,0.0,0,0,0,-9999.0,0.47459082679860387,1,P3_CV0,1,1,1,1,1
3,1.0,2.0,R3_F3_m3f3_P3_Y92_UO330,RD3_F4_m4f4_P4_Y90_UO125,RD3_F1_m1f1_P1_Y90_UO75,MXY,1,0.0,0,0,0.0,0,0,0,-9999.0,0.4745906671907427,1,P3_CV0,1,1,1,2,0
3,1.0,2.0,R3_F3_m3f3_P3_Y92_UO331,RD3_F4_m4f4_P4_Y90_UO125,RD3_F1_m1f1_P1_Y90_UO75,MXY,1,0.0,0,0,0.0,0,0,0,-9999.0,0.4745906671907427,1,P3_CV0,1,1,1,0,2
3,1.0,2.0,R3_F3_m3f3_P3_Y92_UO342,RD3_F3_m3f3_P3_Y90_UO38,RD3_F1_m1f1_P1_Y90_UO5,FXX,1,0.0,0,0,0.0,0,0,0,-9999.0,0.47459087481188433,1,P3_CV0,1,0,2,1,1
3,1.0,2.0,R3_F3_m1f1_P1_Y90_UO279,RD1_F3_m3f3_P3_Y88_UO19,RD1_F1_m1f1_P1_Y88_UO7,FXX,3,0.0,1,0,1.0,0,0,0,-9999.0,0.4745907147038366,1,P3_CV0,1,1,1,2,0
3,1.0,2.0,R3_F3_m1f1_P1_Y90_UO65,RD1_F1_m1f1_P1_Y88_UO16,RD1_F1_m1f1_P1_Y88_UO259,FXX,3,0.0,1,0,1.0,0,0,0,-9999.0,0.4745908223668991,1,P3_CV0,1,1,1,1,1
4,2.0,2.0,R4_F4_m4f4_P4_Y92_UO58,RD4_F4_m4f4_P4_Y90_UO270,RD4_F4_m4f4_P4_Y90_UO306,MXY,1,0.0,0,0,0.0,0,0,0,-9999.0,0.474590604232656,1,P0_CV0,1,1,1,0,2
4,2.0,2.0,R4_F4_m4f4_P4_Y92_UO59,RD4_F4_m4f4_P4_Y90_UO270,RD4_F4_m4f4_P4_Y90_UO306,MXY,1,0.0,0,0,0.0,0,0,0,-9999.0,0.474590604232656,1,P0_CV0,1,2,0,0,2
4,2.0,2.0,R4_F4_m4f4_P4_Y92_UO60,RD4_F4_m4f4_P4_Y90_UO270,RD4_F4_m4f4_P4_Y90_UO306,FXX,1,0.0,0,0,0.0,0,0,0,-9999.0,0.474590604232656,1,P0_CV0,1,2,0,1,1
4,2.0,2.0,R4_F4_m4f4_P4_Y92_UO61,RD4_F4_m4f4_P4_Y90_UO270,RD4_F4_m4f4_P4_Y90_UO306,FXX,1,0.0,0,0,0.0,0,0,0,-9999.0,0.474590604232656,1,P0_CV0,1,2,0,0,2
4,2.0,2.0,R4_F4_m4f4_P4_Y92_UO62,RD4_F4_m4f4_P4_Y90_UO270,RD4_F4_m4f4_P4_Y90_UO306,MXY,1,0.0,0,0,0.0,0,0,0,-9999.0,0.474590604232656,1,P0_CV0,1,2,0,1,1
4,2.0,2.0,R4_F4_m4f4_P4_Y92_UO159,RD4_F3_m3f3_P3_Y90_UO311,RD4_F4_m4f4_P4_Y90_UO267,MXY,1,0.0,0,0,0.0,0,0,0,-9999.0,0.474590667919788,1,P0_CV0,1,1,1,1,1
4,2.0,2.0,R4_F4_m4f4_P4_Y92_UO161,RD4_F3_m3f3_P3_Y90_UO311,RD4_F4_m4f4_P4_Y90_UO267,FXX,1,0.0,0,0,0.0,0,0,0,-9999.0,0.474590667919788,1,P0_CV0,1,1,1,1,1
4,2.0,2.0,R4_F4_m4f4_P4_Y92_UO162,RD4_F3_m3f3_P3_Y90_UO311,RD4_F4_m4f4_P4_Y90_UO267,FXX,1,0.0,0,0,0.0,0,0,0,-9999.0,0.474590667919788,1,P0_CV0,1,1,1,1,1
4,2.0,2.0,R4_F4_m4f4_P4_Y92_UO198,RD4_F4_m4f4_P4_Y90_UO270,RD4_F2_m2f2_P2_Y90_UO263,FXX,1,0.0,0,0,0.0,0,0,0,-9999.0,0.474590566133692,1,P0_CV0,1,1,1,0,2
4,2.0,2.0,R4_F4_m4f4_P4_Y92_UO199,RD4_F4_m4f4_P4_Y90_UO270,RD4_F2_m2f2_P2_Y90_UO263,MXY,1,0.0,0,0,0.0,0,0,0,-9999.0,0.474590566133692,1,P0_CV0,1,1,1,1,1
4,2.0,2.0,R4_F4_m4f4_P4_Y92_UO200,RD4_F4_m4f4_P4_Y90_UO270,RD4_F2_m2f2_P2_Y90_UO263,MXY,1,0.0,0,0,0.0,0,0,0,-9999.0,0.474590566133692,1,P0_CV0,1,2,0,1,1
4,2.0,2.0,R4_F4_m4f4_P4_Y92_UO210,RD4_F4_m4f4_P4_Y90_UO270,RD4_F4_m4f4_P4_Y90_UO337,FXX,1,0.0,0,0,0.0,0,0,0,-9999.0,0.4745906143281502,1,P0_CV0,1,0,2,2,0
4,2.0,2.0,R4_F4_m4f4_P4_Y92_UO211,RD4_F4_m4f4_P4_Y90_UO270,RD4_F4_m4f4_P4_Y90_UO337,FXX,1,0.0,0,0,0.0,0,0,0,-9999.0,0.4745906143281502,1,P0_CV0,1,0,2,2,0
4,2.0,2.0,R4_F4_m4f4_P4_Y92_UO212,RD4_F4_m4f4_P4_Y90_UO270,RD4_F4_m4f4_P4_Y90_UO337,FXX,1,0.0,0,0,0.0,0,0,0,-9999.0,0.4745906143281502,1,P0_CV0,1,0,2,1,1
4,2.0,2.0,R4_F4_m4f4_P4_Y92_UO269,RD4_F2_m2f2_P2_Y90_UO142,R4_F4_m2f2_P2_Y88_UO247,MXY,1,0.0,0,0,0.0,0,0,0,-9999.0,0.4745906804208673,1,P0_CV0,1,0,2,1,1
4,2.0,2.0,R4_F4_m4f4_P4_Y92_UO271,RD4_F2_m2f2_P2_Y90_UO142,R4_F4_m2f2_P2_Y88_UO247,MXY,1,0.0,0,0,0.0,0,0,0,-9999.0,0.4745906804208673,1,P0_CV0,1,1,1,1,1
4,2.0,2.0,R4_F4_m4f4_P4_Y92_UO272,RD4_F2_m2f2_P2_Y90_UO142,R4_F4_m2f2_P2_Y88_UO247,FXX,1,0.0,0,0,0.0,0,0,0,-9999.0,0.4745906804208673,1,P0_CV0,1,1,1,2,0
4,2.0,2.0,R4_F4_m2f2_P2_Y90_UO183,RD2_F1_m1f1_P1_Y88_UO70,RD2_F4_m4f4_P4_Y88_UO102,MXY,3,0.0,1,0,0.0,0,0,0,-9999.0,0.4745906418529131,1,P0_CV0,1,2,0,2,0
4,2.0,2.0,R4_F4_m2f2_P2_Y90_UO346,RD2_F2_m2f2_P2_Y88_UO332,RD2_F1_m1f1_P1_Y88_UO68,FXX,3,0.0,1,0,1.0,0,0,0,-9999.0,0.47459060395328834,1,P0_CV0,1,1,1,0,2
4,2.0,2.0,R4_F4_m4f4_P4_Y92_UO2,RD4_F4_m4f4_P4_Y90_UO243,RD4_F2_m2f2_P2_Y90_UO207,FXX,1,0.0,0,0,0.0,0,0,0,-9999.0,0.4745907447511115,1,P1_CV0,1,0,2,1,1
4,2.0,2.0,R4_F4_m4f4_P4_Y92_UO3,RD4_F4_m4f4_P4_Y90_UO243,RD4_F2_m2f2_P2_Y90_UO207,MXY,1,0.0,0,0,0.0,0,0,0,-9999.0,0.4745907447511115,1,P1_CV0,1,0,2,1,1
4,2.0,2.0,R4_F4_m4f4_P4_Y92_UO4,RD4_F4_m4f4_P4_Y90_UO243,RD4_F2_m2f2_P2_Y90_UO207,MXY,1,0.0,0,0,0.0,0,0,0,-9999.0,0.4745907447511115,1,P1_CV0,1,0,2,1,1
4,2.0,2.0,R4_F4_m4f4_P4_Y92_UO5,RD4_F4_m4f4_P4_Y90_UO243,RD4_F2_m2f2_P2_Y90_UO207,FXX,1,0.0,0,0,0.0,0,0,0,-9999.0,0.4745907447511115,1,P1_CV0,1,0,2,1,1
4,2.0,2.0,R4_F4_m4f4_P4_Y92_UO6,RD4_F4_m4f4_P4_Y90_UO243,RD4_F2_m2f2_P2_Y90_UO207,FXX,1,0.0,0,0,0.0,0,0,0,-9999.0,0.4745907447511115,1,P1_CV0,1,0,2,2,0
4,2.0,2.0,R4_F4_m4f4_P4_Y92_UO29,RD4_F2_m2f2_P2_Y90_UO235,RD4_F2_m2f2_P2_Y90_UO101,MXY,1,0.0,0,0,0.0,0,0,0,-9999.0,0.4745906103765911,1,P1_CV0,1,0,2,1,1
4,2.0,2.0,R4_F4_m4f4_P4_Y92_UO30,RD4_F2_m2f2_P2_Y90_UO235,RD4_F2_m2f2_P2_Y90_UO101,FXX,1,0.0,0,0,0.0,0,0,0,-9999.0,0.4745906103765911,1,P1_CV0,1,0,2,1,1
4,2.0,2.0,R4_F4_m4f4_P4_Y92_UO31,RD4_F2_m2f2_P2_Y90_UO235,RD4_F2_m2f2_P2_Y90_UO101,FXX,1,0.0,0,0,0.0,0,0,0,-9999.0,0.4745906103765911,1,P1_CV0,1,0,2,1,1
4,2.0,2.0,R4_F4_m4f4_P4_Y92_UO32,RD4_F2_m2f2_P2_Y90_UO235,RD4_F2_m2f2_P2_Y90_UO101,MXY,1,0.0,0,0,0.0,0,0,0,-9999.0,0.4745906103765911,1,P1_CV0,1,0,2,0,2
4,2.0,2.0,R4_F4_m4f4_P4_Y92_UO33,RD4_F2_m2f2_P2_Y90_UO235,RD4_F2_m2f2_P2_Y90_UO101,MXY,1,0.0,0,0,0.0,0,0,0,-9999.0,0.4745906103765911,1,P1_CV0,1,0,2,0,2
4,2.0,2.0,R4_F4_m4f4_P4_Y92_UO37,RD4_F3_m3f3_P3_Y90_UO303,RD4_F2_m2f2_P2_Y90_UO321,FXX,1,0.0,0,0,0.0,0,0,0,-9999.0,0.4745906116134613,1,P1_CV0,1,0,2,0,2
4,2.0,2.0,R4_F4_m4f4_P4_Y92_UO38,RD4_F3_m3f3_P3_Y90_UO303,RD4_F2_m2f2_P2_Y90_UO321,FXX,1,0.0,0,0,0.0,0,0,0,-9999.0,0.4745906116134613,1,P1_CV0,1,0,2,0,2
4,2.0,2.0,R4_F4_m4f4_P4_Y92_UO39,RD4_F3_m3f3_P3_Y90_UO303,RD4_F2_m2f2_P2_Y90_UO321,FXX,1,0.0,0,0,0.0,0,0,0,-9999.0,0.4745906116134613,1,P1_CV0,1,1,1,0,2
4,2.0,2.0,R4_F4_m4f4_P4_Y92_UO40,RD4_F3_m3f3_P3_Y90_UO303,RD4_F2_m2f2_P2_Y90_UO321,FXX,1,0.0,0,0,0.0,0,0,0,-9999.0,0.4745906116134613,1,P1_CV0,1,1,1,0,2
4,2.0,2.0,R4_F4_m4f4_P4_Y92_UO41,RD4_F3_m3f3_P3_Y90_UO303,RD4_F2_m2f2_P2_Y90_UO321,FXX,1,0.0,0,0,0.0,0,0,0,-9999.0,0.4745906116134613,1,P1_CV0,1,1,1,0,2
4,2.0,2.0,R4_F4_m4f4_P4_Y92_UO93,RD4_F4_m4f4_P4_Y90_UO243,RD4_F2_m2f2_P2_Y90_UO49,FXX,1,0.0,0,0,0.0,0,0,0,-9999.0,0.47459066456193,1,P1_CV0,1,0,2,1,1
4,2.0,2.0,R4_F4_m4f4_P4_Y92_UO94,RD4_F4_m4f4_P4_Y90_UO243,RD4_F2_m2f2_P2_Y90_UO49,MXY,1,0.0,0,0,0.0,0,0,0,-9999.0,0.47459066456193,1,P1_CV0,1,0,2,1,1
4,2.0,2.0,R4_F4_m4f4_P4_Y92_UO95,RD4_F4_m4f4_P4_Y90_UO243,RD4_F2_m2f2_P2_Y90_UO49,FXX,1,0.0,0,0,0.0,0,0,0,-9999.0,0.47459066456193,1,P1_CV0,1,0,2,2,0
4,2.0,2.0,R4_F4_m4f4_P4_Y92_UO96,RD4_F4_m4f4_P4_Y90_UO243,RD4_F2_m2f2_P2_Y90_UO49,MXY,1,0.0,0,0,0.0,0,0,0,-9999.0,0.47459066456193,1,P1_CV0,1,0,2,1,1
4,2.0,2.0,R4_F4_m4f4_P4_Y92_UO97,RD4_F4_m4f4_P4_Y90_UO243,RD4_F2_m2f2_P2_Y90_UO49,MXY,1,0.0,0,0,0.0,0,0,0,-9999.0,0.47459066456193,1,P1_CV0,1,0,2,2,0
4,2.0,2.0,R4_F4_m4f4_P4_Y92_UO130,RD4_F4_m4f4_P4_Y90_UO266,RD4_F2_m2f2_P2_Y90_UO278,MXY,1,0.0,0,0,0.0,0,0,0,-9999.0,0.4745905835515778,1,P1_CV0,1,1,1,0,2
4,2.0,2.0,R4_F4_m4f4_P4_Y92_UO131,RD4_F4_m4f4_P4_Y90_UO266,RD4_F2_m2f2_P2_Y90_UO278,FXX,1,0.0,0,0,0.0,0,0,0,-9999.0,0.4745905835515778,1,P1_CV0,1,1,1,0,2
4,2.0,2.0,R4_F4_m4f4_P4_Y92_UO132,RD4_F4_m4f4_P4_Y90_UO266,RD4_F2_m2f2_P2_Y90_UO278,FXX,1,0.0,0,0,0.0,0,0,0,-9999.0,0.4745905835515778,1,P1_CV0,1,1,1,0,2
4,2.0,2.0,R4_F4_m4f4_P4_Y92_UO133,RD4_F4_m4f4_P4_Y90_UO266,RD4_F2_m2f2_P2_Y90_UO278,MXY,1,0.0,0,0,0.0,0,0,0,-9999.0,0.4745905835515778,1,P1_CV0,1,1,1,0,2
4,2.0,2.0,R4_F4_m4f4_P4_Y92_UO160,RD4_F3_m3f3_P3_Y90_UO311,RD4_F4_m4f4_P4_Y90_UO267,FXX,1,0.0,0,0,0.0,0,0,0,-9999.0,0.474590667919788,1,P1_CV0,1,1,1,0,2
4,2.0,2.0,R4_F4_m4f4_P4_Y92_UO163,RD4_F3_m3f3_P3_Y90_UO311,RD4_F4_m4f4_P4_Y90_UO267,MXY,1,0.0,0,0,0.0,0,0,0,-9999.0,0.474590667919788,1,P1_CV0,1,1,1,1,1
4,2.0,2.0,R4_F4_m4f4_P4_Y92_UO188,RD4_F2_m2f2_P2_Y90_UO180,RD4_F4_m4f4_P4_Y90_UO172,FXX,1,0.0,0,0,0.0,0,0,0,-9999.0,0.47459070443619567,1,P1_CV0,1,1,1,1,1
4,2.0,2.0,R4_F4_m4f4_P4_Y92_UO201,RD4_F2_m2f2_P2_Y90_UO180,RD4_F3_m3f3_P3_Y90_UO31,FXX,1,0.0,0,0,0.0,0,0,0,-9999.0,0.4745906786058107,1,P1_CV0,1,0,2,1,1
4,2.0,2.0,R4_F4_m4f4_P4_Y92_UO214,RD4_F2_m2f2_P2_Y90_UO235,RD4_F2_m2f2_P2_Y90_UO298,MXY,1,0.0,0,0,0.0,0,0,0,-9999.0,0.4745906084559941,1,P1_CV0,1,0,2,1,1
4,2.0,2.0,R4_F4_m4f4_P4_Y92_UO215,RD4_F2_m2f2_P2_Y90_UO235,RD4_F2_m2f2_P2_Y90_UO298,FXX,1,0.0,0,0,0.0,0,0,0,-9999.0,0.4745906084559941,1,P1_CV0,1,0,2,1,1
4,2.0,2.0,R4_F4_m4f4_P4_Y92_UO216,RD4_F2_m2f2_P2_Y90_UO235,RD4_F2_m2f2_P2_Y90_UO298,FXX,1,0.0,0,0,0.0,0,0,0,-9999.0,0.4745906084559941,1,P1_CV0,1,0,2,1,1
4,2.0,2.0,R4_F4_m4f4_P4_Y92_UO217,RD4_F2_m2f2_P2_Y90_UO235,RD4_F2_m2f2_P2_Y90_UO298,MXY,1,0.0,0,0,0.0,0,0,0,-9999.0,0.4745906084559941,1,P1_CV0,1,0,2,1,1
4,2.0,2.0,R4_F4_m4f4_P4_Y92_UO218,RD4_F2_m2f2_P2_Y90_UO277,RD4_F2_m2f2_P2_Y90_UO298,FXX,1,0.0,0,0,0.0,0,0,0,-9999.0,0.47459060663907593,1,P1_CV0,1,0,2,1,1
4,2.0,2.0,R4_F4_m4f4_P4_Y92_UO219,RD4_F2_m2f2_P2_Y90_UO277,RD4_F2_m2f2_P2_Y90_UO298,FXX,1,0.0,0,0,0.0,0,0,0,-9999.0,0.47459060663907593,1,P1_CV0,1,0,2,1,1
4,2.0,2.0,R4_F4_m4f4_P4_Y92_UO220,RD4_F2_m2f2_P2_Y90_UO277,RD4_F2_m2f2_P2_Y90_UO298,MXY,1,0.0,0,0,0.0,0,0,0,-9999.0,0.47459060663907593,1,P1_CV0,1,0,2,2,0
4,2.0,2.0,R4_F4_m4f4_P4_Y92_UO221,RD4_F2_m2f2_P2_Y90_UO277,RD4_F2_m2f2_P2_Y90_UO298,MXY,1,0.0,0,0,0.0,0,0,0,-9999.0,0.47459060663907593,1,P1_CV0,1,0,2,2,0
4,2.0,2.0,R4_F4_m4f4_P4_Y92_UO222,RD4_F2_m2f2_P2_Y90_UO277,RD4_F2_m2f2_P2_Y90_UO298,FXX,1,0.0,0,0,0.0,0,0,0,-9999.0,0.47459060663907593,1,P1_CV0,1,0,2,2,0
4,2.0,2.0,R4_F4_m4f4_P4_Y92_UO223,RD4_F2_m2f2_P2_Y90_UO277,RD4_F2_m2f2_P2_Y90_UO298,FXX,1,0.0,0,0,0.0,0,0,0,-9999.0,0.47459060663907593,1,P1_CV0,1,0,2,2,0
4,2.0,2.0,R4_F4_m4f4_P4_Y92_UO231,RD4_F3_m3f3_P3_Y90_UO220,R4_F4_m4f4_P4_Y88_UO9,FXX,1,0.0,0,0,0.0,0,0,0,-9999.0,0.47459070160478234,1,P1_CV0,1,0,2,2,0
4,2.0,2.0,R4_F4_m4f4_P4_Y92_UO232,RD4_F3_m3f3_P3_Y90_UO220,R4_F4_m4f4_P4_Y88_UO9,MXY,1,0.0,0,0,0.0,0,0,0,-9999.0,0.47459070160478234,1,P1_CV0,1,0,2,2,0
4,2.0,2.0,R4_F4_m4f4_P4_Y92_UO233,RD4_F3_m3f3_P3_Y90_UO220,R4_F4_m4f4_P4_Y88_UO9,FXX,1,0.0,0,0,0.0,0,0,0,-9999.0,0.47459070160478234,1,P1_CV0,1,0,2,2,0
4,2.0,2.0,R4_F4_m4f4_P4_Y92_UO234,RD4_F3_m3f3_P3_Y90_UO220,R4_F4_m4f4_P4_Y88_UO9,MXY,1,0.0,0,0,0.0,0,0,0,-9999.0,0.47459070160478234,1,P1_CV0,1,0,2,2,0
4,2.0,2.0,R4_F4_m4f4_P4_Y92_UO235,RD4_F3_m3f3_P3_Y90_UO220,R4_F4_m4f4_P4_Y88_UO9,FXX,1,0.0,0,0,0.0,0,0,0,-9999.0,0.47459070160478234,1,P1_CV0,1,1,1,2,0
4,2.0,2.0,R4_F4_m4f4_P4_Y92_UO237,RD4_F4_m4f4_P4_Y90_UO283,RD4_F3_m3f3_P3_Y90_UO31,FXX,1,0.0,0,0,0.0,0,0,0,-9999.0,0.47459070641187395,1,P1_CV0,1,0,2,0,2
4,2.0,2.0,R4_F4_m4f4_P4_Y92_UO270,RD4_F2_m2f2_P2_Y90_UO142,R4_F4_m2f2_P2_Y88_UO247,FXX,1,0.0,0,0,0.0,0,0,0,-9999.0,0.4745906804208673,1,P1_CV0,1,0,2,1,1
4,2.0,2.0,R4_F4_m4f4_P4_Y92_UO277,RD4_F2_m2f2_P2_Y90_UO317,RD4_F3_m3f3_P3_Y90_UO198,FXX,1,0.0,0,0,0.0,0,0,0,-9999.0,0.4745906827107973,1,P1_CV0,1,2,0,1,1
4,2.0,2.0,R4_F4_m4f4_P4_Y92_UO319,RD4_F2_m2f2_P2_Y90_UO235,RD4_F2_m2f2_P2_Y90_UO49,MXY,1,0.0,0,0,0.0,0,0,0,-9999.0,0.4745906198162331,1,P1_CV0,1,0,2,0,2
4,2.0,2.0,R4_F4_m4f4_P4_Y92_UO320,RD4_F2_m2f2_P2_Y90_UO235,RD4_F2_m2f2_P2_Y90_UO49,FXX,1,0.0,0,0,0.0,0,0,0,-9999.0,0.4745906198162331,1,P1_CV0,1,0,2,1,1
4,2.0,2.0,R4_F4_m4f4_P4_Y92_UO321,RD4_F2_m2f2_P2_Y90_UO235,RD4_F2_m2f2_P2_Y90_UO49,FXX,1,0.0,0,0,0.0,0,0,0,-9999.0,0.4745906198162331,1,P1_CV0,1,0,2,1,1
4,2.0,2.0,R4_F4_m4f4_P4_Y92_UO322,RD4_F2_m2f2_P2_Y90_UO235,RD4_F2_m2f2_P2_Y90_UO49,MXY,1,0.0,0,0,0.0,0,0,0,-9999.0,0.4745906198162331,1,P1_CV0,1,0,2,0,2
4,2.0,2.0,R4_F4_m4f4_P4_Y92_UO323,RD4_F2_m2f2_P2_Y90_UO235,RD4_F2_m2f2_P2_Y90_UO49,FXX,1,0.0,0,0,0.0,0,0,0,-9999.0,0.4745906198162331,1,P1_CV0,1,0,2,1,1
4,2.0,2.0,R4_F4_m4f4_P4_Y92_UO358,RD4_F2_m2f2_P2_Y90_UO180,RD4_F2_m2f2_P2_Y90_UO207,MXY,1,0.0,0,0,0.0,0,0,0,-9999.0,0.47459073576873934,1,P1_CV0,1,0,2,1,1
4,2.0,2.0,R4_F4_m2f2_P2_Y90_UO321,RD2_F1_m1f1_P1_Y88_UO258,RD2_F1_m1f1_P1_Y88_UO68,MXY,3,0.0,1,0,0.0,0,0,0,-9999.0,0.4745906452483766,1,P1_CV0,1,0,2,0,2
4,2.0,2.0,R4_F4_m2f2_P2_Y90_UO278,RD2_F1_m1f1_P1_Y88_UO14,RD2_F1_m1f1_P1_Y88_UO164,MXY,3,0.0,1,0,0.0,0,0,0,-9999.0,0.4745906297396729,1,P1_CV0,1,0,2,0,2
4,2.0,2.0,R4_F4_m2f2_P2_Y90_UO277,RD2_F1_m1f1_P1_Y88_UO14,RD2_F1_m1f1_P1_Y88_UO164,FXX,3,0.0,1,0,1.0,0,0,0,-9999.0,0.4745906297396729,1,P1_CV0,1,0,2,1,1
4,2.0,2.0,R4_F4_m3f3_P3_Y90_UO236,RD3_F4_m4f4_P4_Y88_UO2,RD3_F3_m3f3_P3_Y88_UO213,MXY,3,0.0,1,0,0.0,0,0,0,-9999.0,0.47459070917376067,1,P1_CV0,1,1,1,1,1
4,2.0,2.0,R4_F4_m2f2_P2_Y90_UO90,RD2_F1_m1f1_P1_Y88_UO291,RD2_F4_m4f4_P4_Y88_UO44,MXY,3,0.0,1,0,0.0,0,0,0,-9999.0,0.4745907136368359,1,P1_CV0,1,0,2,1,1
4,2.0,2.0,R4_F4_m4f4_P4_Y92_UO213,RD4_F4_m4f4_P4_Y90_UO270,RD4_F4_m4f4_P4_Y90_UO337,MXY,1,0.0,0,0,0.0,0,0,0,-9999.0,0.4745906143281502,1,P2_CV0,1,0,2,1,1
4,2.0,2.0,R4_F4_m4f4_P4_Y92_UO276,RD4_F2_m2f2_P2_Y90_UO317,RD4_F3_m3f3_P3_Y90_UO198,MXY,1,0.0,0,0,0.0,0,0,0,-9999.0,0.4745906827107973,1,P2_CV0,1,2,0,1,1
4,2.0,2.0,R4_F4_m4f4_P4_Y92_UO278,RD4_F2_m2f2_P2_Y90_UO317,RD4_F3_m3f3_P3_Y90_UO198,MXY,1,0.0,0,0,0.0,0,0,0,-9999.0,0.4745906827107973,1,P2_CV0,1,1,1,1,1
4,2.0,2.0,R4_F4_m4f4_P4_Y90_UO324,RD4_F4_m4f4_P4_Y88_UO349,R4_F4_m3f3_P3_Y86_UO155,FXX,3,0.0,1,0,1.0,0,0,0,-9999.0,0.47459073002124796,1,P2_CV0,1,2,0,1,1
4,2.0,2.0,R4_F4_m3f3_P3_Y90_UO104,RD3_F3_m3f3_P3_Y88_UO250,RD3_F4_m4f4_P4_Y88_UO276,MXY,3,0.0,1,0,0.0,0,0,0,-9999.0,0.4745907021193503,1,P2_CV0,1,1,1,0,2
4,2.0,2.0,R4_F4_m4f4_P4_Y90_UO177,RD4_F2_m2f2_P2_Y88_UO363,RD4_F4_m4f4_P4_Y88_UO278,MXY,3,0.0,1,0,0.0,0,0,0,-9999.0,0.4745905950957763,1,P2_CV0,1,1,1,1,1
4,2.0,2.0,R4_F4_m4f4_P4_Y92_UO136,RD4_F2_m2f2_P2_Y90_UO310,RD4_F4_m4f4_P4_Y90_UO204,FXX,1,0.0,0,0,0.0,0,0,0,-9999.0,0.4745906811139804,1,P3_CV0,1,0,2,1,1
4,2.0,2.0,R4_F4_m4f4_P4_Y92_UO137,RD4_F2_m2f2_P2_Y90_UO310,RD4_F4_m4f4_P4_Y90_UO204,FXX,1,0.0,0,0,0.0,0,0,0,-9999.0,0.4745906811139804,1,P3_CV0,1,1,1,0,2
4,2.0,2.0,R4_F4_m4f4_P4_Y92_UO138,RD4_F2_m2f2_P2_Y90_UO310,RD4_F4_m4f4_P4_Y90_UO204,MXY,1,0.0,0,0,0.0,0,0,0,-9999.0,0.4745906811139804,1,P3_CV0,1,0,2,0,2
4,2.0,2.0,R4_F4_m4f4_P4_Y92_UO186,RD4_F2_m2f2_P2_Y90_UO180,RD4_F4_m4f4_P4_Y90_UO172,FXX,1,0.0,0,0,0.0,0,0,0,-9999.0,0.47459070443619567,1,P3_CV0,1,1,1,1,1
4,2.0,2.0,R4_F4_m4f4_P4_Y92_UO187,RD4_F2_m2f2_P2_Y90_UO180,RD4_F4_m4f4_P4_Y90_UO172,MXY,1,0.0,0,0,0.0,0,0,0,-9999.0,0.47459070443619567,1,P3_CV0,1,0,2,1,1
4,2.0,2.0,R4_F4_m4f4_P4_Y92_UO189,RD4_F2_m2f2_P2_Y90_UO180,RD4_F4_m4f4_P4_Y90_UO172,FXX,1,0.0,0,0,0.0,0,0,0,-9999.0,0.47459070443619567,1,P3_CV0,1,0,2,1,1
4,2.0,2.0,R4_F4_m4f4_P4_Y92_UO202,RD4_F2_m2f2_P2_Y90_UO180,RD4_F3_m3f3_P3_Y90_UO31,FXX,1,0.0,0,0,0.0,0,0,0,-9999.0,0.4745906786058107,1,P3_CV0,1,1,1,1,1
4,2.0,2.0,R4_F4_m4f4_P4_Y92_UO356,RD4_F2_m2f2_P2_Y90_UO180,RD4_F2_m2f2_P2_Y90_UO207,MXY,1,0.0,0,0,0.0,0,0,0,-9999.0,0.47459073576873934,1,P3_CV0,1,1,1,1,1
4,2.0,2.0,R4_F4_m4f4_P4_Y92_UO357,RD4_F2_m2f2_P2_Y90_UO180,RD4_F2_m2f2_P2_Y90_UO207,FXX,1,0.0,0,0,0.0,0,0,0,-9999.0,0.47459073576873934,1,P3_CV0,1,0,2,1,1
