PatchID,XCOORD,YCOORD,ID,MID,FID,sex,age,size,mature,newmature,layeggs,capture,recapture,state,CDist,Hindex,Species,ClassFile,SubPatchID,L0A0,L0A1,L1A0,L1A1
1,1.0,1.0,Age0_F1_m1f1_P1_Y4_UO41,RD1_F1_m1f1_P1_Y2_UO293,RD1_F2_m4f4_P4_Y2_UO142,FXX,0,0.0,0,0,0.0,0,0,0,0.0,0.1875,1,P0_CV0,1,1,1,1,1
1,1.0,1.0,Age0_F1_m1f1_P1_Y4_UO159,RD1_F2_m2f2_P2_Y2_UO302,RD1_F1_m2f2_P2_Y2_UO317,MXY,0,0.0,0,0,0.0,0,0,0,0.0,0.6875,1,P0_CV0,1,2,0,1,1
1,1.0,1.0,Age0_F1_m1f1_P1_Y4_UO161,RD1_F2_m2f2_P2_Y2_UO302,RD1_F1_m2f2_P2_Y2_UO317,MXY,0,0.0,0,0,0.0,0,0,0,0.0,0.6875,1,P0_CV0,1,2,0,1,1
1,1.0,1.0,Age0_F1_m1f1_P1_Y4_UO162,RD1_F2_m2f2_P2_Y2_UO302,RD1_F1_m2f2_P2_Y2_UO317,FXX,0,0.0,0,0,0.0,0,0,0,0.0,0.6875,1,P0_CV0,1,2,0,1,1
1,1.0,1.0,Age0_F1_m1f1_P1_Y4_UO165,RD1_F2_m2f2_P2_Y2_UO302,RD1_F1_m2f2_P2_Y2_UO317,FXX,0,0.0,0,0,0.0,0,0,0,0.0,0.6875,1,P0_CV0,1,2,0,1,1
1,1.0,1.0,Age0_F1_m1f1_P1_Y4_UO171,RD1_F1_m1f1_P1_Y2_UO293,RD1_F2_m2f2_P2_Y2_UO123,MXY,0,0.0,0,0,0.0,0,0,0,0.0,0.375,1,P0_CV0,1,1,1,2,0
1,1.0,1.0,Age0_F1_m1f1_P1_Y4_UO172,RD1_F1_m1f1_P1_Y2_UO293,RD1_F2_m2f2_P2_Y2_UO123,MXY,0,0.0,0,0,0.0,0,0,0,0.0,0.375,1,P0_CV0,1,1,1,1,1
1,1.0,1.0,Age0_F1_m1f1_P1_Y4_UO173,RD1_F1_m1f1_P1_Y2_UO293,RD1_F2_m2f2_P2_Y2_UO123,FXX,0,0.0,0,0,0.0,0,0,0,0.0,0.375,1,P0_CV0,1,1,1,2,0
1,1.0,1.0,Age0_F1_m1f1_P1_Y4_UO174,RD1_F1_m1f1_P1_Y2_UO293,RD1_F2_m2f2_P2_Y2_UO123,FXX,0,0.0,0,0,0.0,0,0,0,0.0,0.375,1,P0_CV0,1,1,1,1,1
1,1.0,1.0,Age0_F1_m1f1_P1_Y4_UO175,RD1_F1_m1f1_P1_Y2_UO293,RD1_F2_m2f2_P2_Y2_UO123,FXX,0,0.0,0,0,0.0,0,0,0,0.0,0.375,1,P0_CV0,1,1,1,2,0
1,1.0,1.0,Age0_F1_m1f1_P1_Y4_UO202,RD1_F1_m1f1_P1_Y2_UO293,RD1_F2_m2f2_P2_Y2_UO316,FXX,0,0.0,0,0,0.0,0,0,0,0.0,0.375,1,P0_CV0,1,1,1,2,0
1,1.0,1.0,Age0_F1_m1f1_P1_Y4_UO203,RD1_F1_m1f1_P1_Y2_UO293,RD1_F2_m2f2_P2_Y2_UO316,MXY,0,0.0,0,0,0.0,0,0,0,0.0,0.375,1,P0_CV0,1,1,1,1,1
1,1.0,1.0,Age0_F1_m1f1_P1_Y4_UO204,RD1_F1_m1f1_P1_Y2_UO293,RD1_F2_m2f2_P2_Y2_UO316,FXX,0,0.0,0,0,0.0,0,0,0,0.0,0.375,1,P0_CV0,1,1,1,2,0
1,1.0,1.0,Age0_F1_m1f1_P1_Y4_UO205,RD1_F1_m1f1_P1_Y2_UO293,RD1_F2_m2f2_P2_Y2_UO316,MXY,0,0.0,0,0,0.0,0,0,0,0.0,0.375,1,P0_CV0,1,1,1,1,1
1,1.0,1.0,Age0_F1_m1f1_P1_Y4_UO206,RD1_F1_m1f1_P1_Y2_UO293,RD1_F2_m2f2_P2_Y2_UO316,FXX,0,0.0,0,0,0.0,0,0,0,0.0,0.375,1,P0_CV0,1,1,1,2,0
1,1.0,1.0,Age0_F1_m1f1_P1_Y4_UO207,RD1_F1_m1f1_P1_Y2_UO293,RD1_F2_m2f2_P2_Y2_UO316,MXY,0,0.0,0,0,0.0,0,0,0,0.0,0.375,1,P0_CV0,1,1,1,1,1
1,1.0,1.0,Age0_F1_m1f1_P1_Y4_UO208,RD1_F1_m1f1_P1_Y2_UO293,RD1_F2_m2f2_P2_Y2_UO316,MXY,0,0.0,0,0,0.0,0,0,0,0.0,0.375,1,P0_CV0,1,1,1,2,0
1,1.0,1.0,Age0_F1_m1f1_P1_Y4_UO209,RD1_F1_m1f1_P1_Y2_UO293,RD1_F2_m2f2_P2_Y2_UO316,FXX,0,0.0,0,0,0.0,0,0,0,0.0,0.375,1,P0_CV0,1,1,1,2,0
1,1.0,1.0,Age0_F1_m1f1_P1_Y4_UO210,RD1_F1_m1f1_P1_Y2_UO293,RD1_F2_m2f2_P2_Y2_UO316,FXX,0,0.0,0,0,0.0,0,0,0,0.0,0.375,1,P0_CV0,1,1,1,1,1
1,1.0,1.0,Age0_F1_m1f1_P1_Y4_UO260,RD1_F2_m4f4_P4_Y2_UO170,RD1_F1_m2f2_P2_Y2_UO318,FXX,0,0.0,0,0,0.0,0,0,0,0.0,0.75,1,P0_CV0,1,2,0,1,1
1,1.0,1.0,Age0_F1_m1f1_P1_Y4_UO261,RD1_F2_m4f4_P4_Y2_UO170,RD1_F1_m2f2_P2_Y2_UO318,FXX,0,0.0,0,0,0.0,0,0,0,0.0,0.75,1,P0_CV0,1,2,0,1,1
1,1.0,1.0,Age0_F1_m1f1_P1_Y4_UO262,RD1_F2_m4f4_P4_Y2_UO170,RD1_F1_m2f2_P2_Y2_UO318,MXY,0,0.0,0,0,0.0,0,0,0,0.0,0.75,1,P0_CV0,1,2,0,2,0
1,1.0,1.0,R1_F1_m3f3_P3_Y3_UO9,RD3_F1_m2f2_P2_Y1_UO124,RD3_F1_m1f1_P1_Y1_UO206,FXX,1,0.0,1,1,1.0,0,0,0,-9999.0,0.375,1,P0_CV0,1,0,2,0,2
1,1.0,1.0,R1_F1_m1f1_P1_Y3_UO190,RD1_F2_m4f4_P4_Y1_UO222,RD1_F3_m3f3_P3_Y1_UO130,MXY,1,0.0,1,1,0.0,0,0,0,-9999.0,0.625,1,P0_CV0,1,1,1,2,0
1,1.0,1.0,R1_F1_m1f1_P1_Y3_UO71,RD1_F3_m1f1_P1_Y1_UO88,RD1_F3_m3f3_P3_Y1_UO130,MXY,1,0.0,1,1,0.0,0,0,0,-9999.0,0.875,1,P0_CV0,1,2,0,0,2
1,1.0,1.0,R1_F1_m1f1_P1_Y3_UO70,RD1_F3_m1f1_P1_Y1_UO88,RD1_F3_m3f3_P3_Y1_UO130,MXY,1,0.0,1,1,0.0,0,0,0,-9999.0,0.875,1,P0_CV0,1,2,0,1,1
1,1.0,1.0,R1_F1_m3f3_P3_Y3_UO140,RD3_F1_m2f2_P2_Y1_UO124,RD3_F1_m1f1_P1_Y1_UO150,FXX,1,0.0,1,1,1.0,0,0,0,-9999.0,0.5,1,P0_CV0,1,0,2,1,1
1,1.0,1.0,R1_F1_m1f1_P1_Y2_UO299,RD1_F3_m1f1_P1_Y0_UO209,RD1_F1_m1f1_P1_Y0_UO210,FXX,2,0.0,1,0,1.0,0,0,0,-9999.0,0.0,1,P0_CV0,1,0,2,2,0
1,1.0,1.0,R1_F1_m2f2_P2_Y2_UO240,RD2_F4_m3f3_P3_Y0_UO171,RD2_F1_m1f1_P1_Y0_UO17,FXX,2,0.0,1,0,1.0,0,0,0,-9999.0,0.875,1,P0_CV0,1,2,0,1,1
1,1.0,1.0,R1_F1_m1f1_P1_Y2_UO77,RD1_F3_m4f4_P4_Y0_UO18,RD1_F2_m1f1_P1_Y0_UO6,MXY,2,0.0,1,0,0.0,0,0,0,-9999.0,0.625,1,P0_CV0,1,2,0,1,1
1,1.0,1.0,R1_F1_m2f2_P2_Y2_UO316,RD2_F2_m1f1_P1_Y0_UO13,RD2_F4_m4f4_P4_Y0_UO200,MXY,2,0.0,1,0,0.0,0,0,0,-9999.0,0.75,1,P0_CV0,1,2,0,2,0
1,1.0,1.0,Age0_F1_m1f1_P1_Y4_UO38,RD1_F1_m1f1_P1_Y2_UO293,RD1_F2_m4f4_P4_Y2_UO142,MXY,0,0.0,0,0,0.0,0,0,0,0.0,0.1875,1,P1_CV0,1,0,2,0,2
1,1.0,1.0,Age0_F1_m1f1_P1_Y4_UO39,RD1_F1_m1f1_P1_Y2_UO293,RD1_F2_m4f4_P4_Y2_UO142,FXX,0,0.0,0,0,0.0,0,0,0,0.0,0.1875,1,P1_CV0,1,0,2,0,2
1,1.0,1.0,Age0_F1_m1f1_P1_Y4_UO40,RD1_F1_m1f1_P1_Y2_UO293,RD1_F2_m4f4_P4_Y2_UO142,FXX,0,0.0,0,0,0.0,0,0,0,0.0,0.1875,1,P1_CV0,1,0,2,1,1
1,1.0,1.0,Age0_F1_m1f1_P1_Y4_UO42,RD1_F1_m1f1_P1_Y2_UO293,RD1_F2_m4f4_P4_Y2_UO142,MXY,0,0.0,0,0,0.0,0,0,0,0.0,0.1875,1,P1_CV0,1,1,1,1,1
1,1.0,1.0,Age0_F1_m1f1_P1_Y4_UO58,RD1_F3_m4f4_P4_Y2_UO164,RD1_F2_m2f2_P2_Y2_UO135,FXX,0,0.0,0,0,0.0,0,0,0,0.0,0.5,1,P1_CV0,1,1,1,1,1
1,1.0,1.0,Age0_F1_m1f1_P1_Y4_UO59,RD1_F3_m4f4_P4_Y2_UO164,RD1_F2_m2f2_P2_Y2_UO135,MXY,0,0.0,0,0,0.0,0,0,0,0.0,0.5,1,P1_CV0,1,2,0,2,0
1,1.0,1.0,Age0_F1_m1f1_P1_Y4_UO60,RD1_F3_m4f4_P4_Y2_UO164,RD1_F2_m2f2_P2_Y2_UO135,MXY,0,0.0,0,0,0.0,0,0,0,0.0,0.5,1,P1_CV0,1,1,1,2,0
1,1.0,1.0,Age0_F1_m1f1_P1_Y4_UO61,RD1_F3_m4f4_P4_Y2_UO164,RD1_F2_m2f2_P2_Y2_UO135,MXY,0,0.0,0,0,0.0,0,0,0,0.0,0.5,1,P1_CV0,1,2,0,1,1
1,1.0,1.0,Age0_F1_m1f1_P1_Y4_UO62,RD1_F3_m4f4_P4_Y2_UO164,RD1_F2_m2f2_P2_Y2_UO135,MXY,0,0.0,0,0,0.0,0,0,0,0.0,0.5,1,P1_CV0,1,2,0,2,0
1,1.0,1.0,Age0_F1_m1f1_P1_Y4_UO181,RD1_F3_m4f4_P4_Y2_UO164,RD1_F3_m1f1_P1_Y2_UO308,MXY,0,0.0,0,0,0.0,0,0,0,0.0,0.375,1,P1_CV0,1,1,1,1,1
1,1.0,1.0,Age0_F1_m1f1_P1_Y4_UO184,RD1_F3_m4f4_P4_Y2_UO164,RD1_F3_m1f1_P1_Y2_UO308,MXY,0,0.0,0,0,0.0,0,0,0,0.0,0.375,1,P1_CV0,1,1,1,1,1
1,1.0,1.0,R1_F1_m2f2_P2_Y3_UO110,RD2_F1_m2f2_P2_Y1_UO159,RD2_F4_m2f2_P2_Y0_UO264,MXY,1,0.0,1,1,0.0,0,0,0,-9999.0,0.375,1,P1_CV0,1,1,1,0,2
1,1.0,1.0,R1_F1_m2f2_P2_Y3_UO216,RD2_F4_m3f3_P3_Y1_UO81,RD2_F4_m2f2_P2_Y0_UO264,FXX,1,0.0,1,1,1.0,0,0,0,-9999.0,0.625,1,P1_CV0,1,1,1,1,1
1,1.0,1.0,R1_F1_m2f2_P2_Y3_UO204,RD2_F4_m3f3_P3_Y1_UO81,RD2_F4_m2f2_P2_Y0_UO264,MXY,1,0.0,1,1,0.0,0,0,0,-9999.0,0.625,1,P1_CV0,1,2,0,1,1
1,1.0,1.0,R1_F1_m4f4_P4_Y2_UO164,RD4_F4_m2f2_P2_Y0_UO121,RD4_F3_m-1f-1_P4_Y-1_U52,FXX,2,0.0,1,0,1.0,0,0,0,-9999.0,0.5,1,P1_CV0,1,1,1,1,1
1,1.0,1.0,R1_F1_m4f4_P4_Y2_UO146,RD4_F4_m3f3_P3_Y0_UO42,RD4_F4_m-1f-1_P2_Y-1_U24,MXY,2,0.0,1,0,0.0,0,0,0,-9999.0,0.375,1,P1_CV0,1,1,1,0,2
1,1.0,1.0,R1_F1_m2f2_P2_Y1_UO122,RD2_F1_m-1f-1_P1_Y-1_U35,RD2_F2_m-1f-1_P2_Y-1_U16,MXY,3,0.0,1,0,0.0,0,0,0,-9999.0,0.25,1,P1_CV0,1,1,1,1,1
1,1.0,1.0,Age0_F1_m1f1_P1_Y4_UO77,RD1_F1_m2f2_P2_Y2_UO166,RD1_F1_m2f2_P2_Y2_UO52,FXX,0,0.0,0,0,0.0,0,0,0,0.0,0.5,1,P2_CV0,1,1,1,0,2
1,1.0,1.0,Age0_F1_m1f1_P1_Y4_UO78,RD1_F1_m2f2_P2_Y2_UO166,RD1_F1_m2f2_P2_Y2_UO52,MXY,0,0.0,0,0,0.0,0,0,0,0.0,0.5,1,P2_CV0,1,2,0,0,2
1,1.0,1.0,Age0_F1_m1f1_P1_Y4_UO79,RD1_F1_m2f2_P2_Y2_UO166,RD1_F1_m2f2_P2_Y2_UO52,MXY,0,0.0,0,0,0.0,0,0,0,0.0,0.5,1,P2_CV0,1,1,1,2,0
1,1.0,1.0,Age0_F1_m1f1_P1_Y4_UO80,RD1_F1_m2f2_P2_Y2_UO166,RD1_F1_m2f2_P2_Y2_UO52,FXX,0,0.0,0,0,0.0,0,0,0,0.0,0.5,1,P2_CV0,1,1,1,1,1
1,1.0,1.0,Age0_F1_m1f1_P1_Y4_UO125,RD1_F1_m2f2_P2_Y2_UO166,RD1_F2_m2f2_P2_Y2_UO280,MXY,0,0.0,0,0,0.0,0,0,0,0.0,0.5,1,P2_CV0,1,1,1,2,0
1,1.0,1.0,Age0_F1_m1f1_P1_Y4_UO126,RD1_F1_m2f2_P2_Y2_UO166,RD1_F2_m2f2_P2_Y2_UO280,FXX,0,0.0,0,0,0.0,0,0,0,0.0,0.5,1,P2_CV0,1,1,1,2,0
1,1.0,1.0,Age0_F1_m1f1_P1_Y4_UO127,RD1_F1_m2f2_P2_Y2_UO166,RD1_F2_m2f2_P2_Y2_UO280,MXY,0,0.0,0,0,0.0,0,0,0,0.0,0.5,1,P2_CV0,1,0,2,1,1
1,1.0,1.0,Age0_F1_m1f1_P1_Y4_UO128,RD1_F1_m2f2_P2_Y2_UO166,RD1_F2_m2f2_P2_Y2_UO280,FXX,0,0.0,0,0,0.0,0,0,0,0.0,0.5,1,P2_CV0,1,0,2,1,1
1,1.0,1.0,Age0_F1_m1f1_P1_Y4_UO129,RD1_F1_m2f2_P2_Y2_UO166,RD1_F2_m2f2_P2_Y2_UO280,FXX,0,0.0,0,0,0.0,0,0,0,0.0,0.5,1,P2_CV0,1,1,1,2,0
1,1.0,1.0,Age0_F1_m1f1_P1_Y4_UO160,RD1_F2_m2f2_P2_Y2_UO302,RD1_F1_m2f2_P2_Y2_UO317,FXX,0,0.0,0,0,0.0,0,0,0,0.0,0.6875,1,P2_CV0,1,2,0,1,1
1,1.0,1.0,Age0_F1_m1f1_P1_Y4_UO163,RD1_F2_m2f2_P2_Y2_UO302,RD1_F1_m2f2_P2_Y2_UO317,FXX,0,0.0,0,0,0.0,0,0,0,0.0,0.6875,1,P2_CV0,1,2,0,1,1
1,1.0,1.0,Age0_F1_m1f1_P1_Y4_UO164,RD1_F2_m2f2_P2_Y2_UO302,RD1_F1_m2f2_P2_Y2_UO317,MXY,0,0.0,0,0,0.0,0,0,0,0.0,0.6875,1,P2_CV0,1,2,0,1,1
1,1.0,1.0,Age0_F1_m1f1_P1_Y4_UO166,RD1_F2_m2f2_P2_Y2_UO302,RD1_F1_m2f2_P2_Y2_UO317,MXY,0,0.0,0,0,0.0,0,0,0,0.0,0.6875,1,P2_CV0,1,2,0,1,1
1,1.0,1.0,Age0_F1_m1f1_P1_Y4_UO182,RD1_F3_m4f4_P4_Y2_UO164,RD1_F3_m1f1_P1_Y2_UO308,FXX,0,0.0,0,0,0.0,0,0,0,0.0,0.375,1,P2_CV0,1,0,2,2,0
1,1.0,1.0,Age0_F1_m1f1_P1_Y4_UO183,RD1_F3_m4f4_P4_Y2_UO164,RD1_F3_m1f1_P1_Y2_UO308,FXX,0,0.0,0,0,0.0,0,0,0,0.0,0.375,1,P2_CV0,1,0,2,1,1
1,1.0,1.0,Age0_F1_m1f1_P1_Y4_UO185,RD1_F3_m4f4_P4_Y2_UO164,RD1_F3_m1f1_P1_Y2_UO308,FXX,0,0.0,0,0,0.0,0,0,0,0.0,0.375,1,P2_CV0,1,1,1,1,1
1,1.0,1.0,Age0_F1_m1f1_P1_Y4_UO186,RD1_F3_m4f4_P4_Y2_UO164,RD1_F3_m1f1_P1_Y2_UO308,MXY,0,0.0,0,0,0.0,0,0,0,0.0,0.375,1,P2_CV0,1,0,2,2,0
1,1.0,1.0,Age0_F1_m1f1_P1_Y4_UO193,RD1_F1_m3f3_P3_Y2_UO38,RD1_F2_m4f4_P4_Y2_UO45,FXX,0,0.0,0,0,0.0,0,0,0,0.0,0.5625,1,P2_CV0,1,2,0,2,0
1,1.0,1.0,Age0_F1_m1f1_P1_Y4_UO194,RD1_F1_m3f3_P3_Y2_UO38,RD1_F2_m4f4_P4_Y2_UO45,MXY,0,0.0,0,0,0.0,0,0,0,0.0,0.5625,1,P2_CV0,1,1,1,2,0
1,1.0,1.0,Age0_F1_m1f1_P1_Y4_UO195,RD1_F1_m3f3_P3_Y2_UO38,RD1_F2_m4f4_P4_Y2_UO45,FXX,0,0.0,0,0,0.0,0,0,0,0.0,0.5625,1,P2_CV0,1,2,0,2,0
1,1.0,1.0,Age0_F1_m1f1_P1_Y4_UO211,RD1_F1_m3f3_P3_Y2_UO38,RD1_F2_m2f2_P2_Y2_UO82,FXX,0,0.0,0,0,0.0,0,0,0,0.0,0.3125,1,P2_CV0,1,2,0,1,1
1,1.0,1.0,Age0_F1_m1f1_P1_Y4_UO212,RD1_F1_m3f3_P3_Y2_UO38,RD1_F2_m2f2_P2_Y2_UO82,FXX,0,0.0,0,0,0.0,0,0,0,0.0,0.3125,1,P2_CV0,1,2,0,1,1
1,1.0,1.0,Age0_F1_m1f1_P1_Y4_UO213,RD1_F1_m3f3_P3_Y2_UO38,RD1_F2_m2f2_P2_Y2_UO82,MXY,0,0.0,0,0,0.0,0,0,0,0.0,0.3125,1,P2_CV0,1,0,2,1,1
1,1.0,1.0,Age0_F1_m1f1_P1_Y4_UO214,RD1_F1_m3f3_P3_Y2_UO38,RD1_F2_m2f2_P2_Y2_UO82,MXY,0,0.0,0,0,0.0,0,0,0,0.0,0.3125,1,P2_CV0,1,0,2,1,1
1,1.0,1.0,Age0_F1_m1f1_P1_Y4_UO215,RD1_F1_m3f3_P3_Y2_UO38,RD1_F2_m2f2_P2_Y2_UO82,FXX,0,0.0,0,0,0.0,0,0,0,0.0,0.3125,1,P2_CV0,1,2,0,1,1
1,1.0,1.0,Age0_F1_m1f1_P1_Y4_UO216,RD1_F1_m3f3_P3_Y2_UO38,RD1_F2_m2f2_P2_Y2_UO82,FXX,0,0.0,0,0,0.0,0,0,0,0.0,0.3125,1,P2_CV0,1,1,1,1,1
1,1.0,1.0,R1_F1_m2f2_P2_Y3_UO211,RD2_F4_m3f3_P3_Y1_UO81,RD2_F4_m2f2_P2_Y0_UO264,MXY,1,0.0,1,1,0.0,0,0,0,-9999.0,0.625,1,P2_CV0,1,2,0,1,1
1,1.0,1.0,R1_F1_m2f2_P2_Y3_UO219,RD2_F4_m3f3_P3_Y1_UO81,RD2_F4_m2f2_P2_Y0_UO264,MXY,1,0.0,1,1,0.0,0,0,0,-9999.0,0.625,1,P2_CV0,1,2,0,1,1
1,1.0,1.0,R1_F1_m1f1_P1_Y2_UO284,RD1_F1_m1f1_P1_Y0_UO12,RD1_F1_m3f3_P3_Y0_UO39,MXY,2,0.0,1,0,0.0,0,0,0,-9999.0,0.875,1,P2_CV0,1,1,1,1,1
1,1.0,1.0,R1_F1_m1f1_P1_Y2_UO119,RD1_F3_m3f3_P3_Y0_UO63,RD1_F1_m2f2_P2_Y0_UO4,FXX,2,0.0,1,0,1.0,0,0,0,-9999.0,0.375,1,P2_CV0,1,1,1,2,0
1,1.0,1.0,R1_F1_m2f2_P2_Y2_UO301,RD2_F4_m2f2_P2_Y0_UO123,RD2_F1_m3f3_P3_Y0_UO36,FXX,2,0.0,1,0,1.0,0,0,0,-9999.0,0.625,1,P2_CV0,1,2,0,1,1
1,1.0,1.0,R1_F1_m3f3_P3_Y2_UO96,RD3_F3_m3f3_P3_Y0_UO133,RD3_F1_m3f3_P3_Y0_UO134,MXY,2,0.0,1,0,0.0,0,0,0,-9999.0,0.25,1,P2_CV0,1,0,2,2,0
1,1.0,1.0,R1_F1_m1f1_P1_Y2_UO221,RD1_F1_m2f2_P2_Y0_UO179,RD1_F1_m3f3_P3_Y0_UO37,MXY,2,0.0,1,0,0.0,0,0,0,-9999.0,0.625,1,P2_CV0,1,2,0,2,0
1,1.0,1.0,R1_F1_m1f1_P1_Y2_UO120,RD1_F3_m3f3_P3_Y0_UO63,RD1_F1_m2f2_P2_Y0_UO4,MXY,2,0.0,1,0,0.0,0,0,0,-9999.0,0.375,1,P2_CV0,1,1,1,1,1
1,1.0,1.0,R1_F1_m1f1_P1_Y2_UO305,RD1_F3_m3f3_P3_Y0_UO184,RD1_F1_m1f1_P1_Y0_UO210,MXY,2,0.0,1,0,0.0,0,0,0,-9999.0,0.25,1,P2_CV0,1,1,1,2,0
1,1.0,1.0,R1_F1_m3f3_P3_Y2_UO235,RD3_F4_m3f3_P3_Y0_UO137,RD3_F1_m3f3_P3_Y0_UO221,MXY,2,0.0,1,0,0.0,0,0,0,-9999.0,0.375,1,P2_CV0,1,1,1,2,0
1,1.0,1.0,R1_F1_m1f1_P1_Y1_UO150,RD1_F1_m-1f-1_P1_Y-1_U52,RD1_F3_m-1f-1_P3_Y-1_U14,MXY,3,0.0,1,0,0.0,0,0,0,-9999.0,0.75,1,P2_CV0,1,1,1,1,1
1,1.0,1.0,Age0_F1_m1f1_P1_Y4_UO63,RD1_F3_m4f4_P4_Y2_UO164,RD1_F2_m2f2_P2_Y2_UO135,FXX,0,0.0,0,0,0.0,0,0,0,0.0,0.5,1,P3_CV0,1,1,1,0,2
1,1.0,1.0,Age0_F1_m1f1_P1_Y4_UO64,RD1_F3_m4f4_P4_Y2_UO164,RD1_F2_m2f2_P2_Y2_UO135,FXX,0,0.0,0,0,0.0,0,0,0,0.0,0.5,1,P3_CV0,1,2,0,2,0
1,1.0,1.0,Age0_F1_m1f1_P1_Y4_UO191,RD1_F1_m3f3_P3_Y2_UO38,RD1_F2_m4f4_P4_Y2_UO45,MXY,0,0.0,0,0,0.0,0,0,0,0.0,0.5625,1,P3_CV0,1,2,0,2,0
1,1.0,1.0,Age0_F1_m1f1_P1_Y4_UO192,RD1_F1_m3f3_P3_Y2_UO38,RD1_F2_m4f4_P4_Y2_UO45,FXX,0,0.0,0,0,0.0,0,0,0,0.0,0.5625,1,P3_CV0,1,2,0,2,0
1,1.0,1.0,Age0_F1_m1f1_P1_Y4_UO259,RD1_F2_m4f4_P4_Y2_UO170,RD1_F1_m2f2_P2_Y2_UO318,MXY,0,0.0,0,0,0.0,0,0,0,0.0,0.75,1,P3_CV0,1,2,0,0,2
1,1.0,1.0,R1_F1_m3f3_P3_Y3_UO86,RD3_F1_m3f3_P3_Y1_UO44,RD3_F4_m3f3_P3_Y1_UO133,FXX,1,0.0,1,1,1.0,0,0,0,-9999.0,0.875,1,P3_CV0,1,2,0,2,0
1,1.0,1.0,R1_F1_m3f3_P3_Y3_UO58,RD3_F4_m3f3_P3_Y1_UO42,RD3_F1_m2f2_P2_Y1_UO250,MXY,1,0.0,1,1,0.0,0,0,0,-9999.0,0.875,1,P3_CV0,1,1,1,2,0
1,1.0,1.0,R1_F1_m2f2_P2_Y3_UO108,RD2_F1_m2f2_P2_Y1_UO159,RD2_F4_m2f2_P2_Y0_UO264,MXY,1,0.0,1,1,0.0,0,0,0,-9999.0,0.375,1,P3_CV0,1,1,1,0,2
1,1.0,1.0,R1_F1_m3f3_P3_Y3_UO55,RD3_F4_m3f3_P3_Y1_UO42,RD3_F1_m2f2_P2_Y1_UO250,FXX,1,0.0,1,1,1.0,0,0,0,-9999.0,0.875,1,P3_CV0,1,2,0,1,1
1,1.0,1.0,R1_F1_m3f3_P3_Y3_UO148,RD3_F3_m4f4_P4_Y1_UO240,RD3_F1_m2f2_P2_Y1_UO250,FXX,1,0.0,1,1,1.0,0,0,0,-9999.0,0.75,1,P3_CV0,1,1,1,2,0
1,1.0,1.0,R1_F1_m2f2_P2_Y2_UO135,RD2_F4_m4f4_P4_Y0_UO93,RD2_F4_m4f4_P4_Y0_UO29,MXY,2,0.0,1,0,0.0,0,0,0,-9999.0,0.5,1,P3_CV0,1,2,0,1,1
1,1.0,1.0,R1_F1_m4f4_P4_Y2_UO178,RD4_F4_m4f4_P4_Y0_UO256,RD4_F3_m4f4_P4_Y0_UO156,MXY,2,0.0,1,0,0.0,0,0,0,-9999.0,0.625,1,P3_CV0,1,1,1,2,0
1,1.0,1.0,R1_F1_m4f4_P4_Y2_UO45,RD4_F4_m4f4_P4_Y0_UO256,RD4_F3_m1f1_P1_Y0_UO79,MXY,2,0.0,1,0,0.0,0,0,0,-9999.0,0.875,1,P3_CV0,1,2,0,2,0
1,1.0,1.0,R1_F1_m1f1_P1_Y2_UO191,RD1_F3_m4f4_P4_Y0_UO18,RD1_F3_m1f1_P1_Y0_UO10,MXY,2,0.0,1,0,0.0,0,0,0,-9999.0,0.625,1,P3_CV0,1,2,0,0,2
1,1.0,1.0,R1_F1_m3f3_P3_Y2_UO260,RD3_F1_m1f1_P1_Y0_UO11,RD3_F3_m4f4_P4_Y0_UO151,FXX,2,0.0,1,0,1.0,0,0,0,-9999.0,0.625,1,P3_CV0,1,2,0,1,1
2,2.0,1.0,Age0_F2_m2f2_P2_Y4_UO11,RD2_F2_m2f2_P2_Y2_UO169,RD2_F1_m1f1_P1_Y2_UO311,MXY,0,0.0,0,0,0.0,0,0,0,0.0,0.375,1,P0_CV0,1,0,2,1,1
2,2.0,1.0,Age0_F2_m2f2_P2_Y4_UO12,RD2_F2_m2f2_P2_Y2_UO169,RD2_F1_m1f1_P1_Y2_UO311,MXY,0,0.0,0,0,0.0,0,0,0,0.0,0.375,1,P0_CV0,1,1,1,1,1
2,2.0,1.0,Age0_F2_m2f2_P2_Y4_UO17,RD2_F1_m3f3_P3_Y2_UO85,RD2_F4_m2f2_P2_Y2_UO62,FXX,0,0.0,0,0,0.0,0,0,0,0.0,0.5,1,P0_CV0,1,1,1,1,1
2,2.0,1.0,Age0_F2_m2f2_P2_Y4_UO18,RD2_F1_m3f3_P3_Y2_UO85,RD2_F4_m2f2_P2_Y2_UO62,MXY,0,0.0,0,0,0.0,0,0,0,0.0,0.5,1,P0_CV0,1,0,2,1,1
2,2.0,1.0,Age0_F2_m2f2_P2_Y4_UO20,RD2_F1_m3f3_P3_Y2_UO85,RD2_F4_m2f2_P2_Y2_UO62,MXY,0,0.0,0,0,0.0,0,0,0,0.0,0.5,1,P0_CV0,1,1,1,1,1
2,2.0,1.0,Age0_F2_m2f2_P2_Y4_UO29,RD2_F4_m4f4_P4_Y2_UO173,RD2_F1_m1f1_P1_Y2_UO290,FXX,0,0.0,0,0,0.0,0,0,0,0.0,0.625,1,P0_CV0,1,1,1,2,0
2,2.0,1.0,Age0_F2_m2f2_P2_Y4_UO30,RD2_F4_m4f4_P4_Y2_UO173,RD2_F1_m1f1_P1_Y2_UO290,FXX,0,0.0,0,0,0.0,0,0,0,0.0,0.625,1,P0_CV0,1,0,2,1,1
2,2.0,1.0,Age0_F2_m2f2_P2_Y4_UO116,RD2_F1_m1f1_P1_Y2_UO75,RD2_F2_m1f1_P1_Y2_UO304,FXX,0,0.0,0,0,0.0,0,0,0,0.0,0.4375,1,P0_CV0,1,2,0,2,0
2,2.0,1.0,Age0_F2_m2f2_P2_Y4_UO198,RD2_F1_m3f3_P3_Y2_UO258,RD2_F1_m3f3_P3_Y1_UO130,FXX,0,0.0,0,0,0.0,0,0,0,0.0,0.6875,1,P0_CV0,1,1,1,1,1
2,2.0,1.0,Age0_F2_m2f2_P2_Y4_UO245,RD2_F4_m4f4_P4_Y2_UO173,RD2_F4_m2f2_P2_Y2_UO62,FXX,0,0.0,0,0,0.0,0,0,0,0.0,0.5,1,P0_CV0,1,1,1,1,1
2,2.0,1.0,Age0_F2_m2f2_P2_Y4_UO248,RD2_F4_m4f4_P4_Y2_UO173,RD2_F4_m2f2_P2_Y2_UO62,MXY,0,0.0,0,0,0.0,0,0,0,0.0,0.5,1,P0_CV0,1,1,1,1,1
2,2.0,1.0,Age0_F2_m2f2_P2_Y4_UO255,RD2_F1_m3f3_P3_Y2_UO85,RD2_F1_m1f1_P1_Y2_UO290,MXY,0,0.0,0,0,0.0,0,0,0,0.0,0.625,1,P0_CV0,1,0,2,1,1
2,2.0,1.0,Age0_F2_m2f2_P2_Y4_UO257,RD2_F1_m3f3_P3_Y2_UO85,RD2_F1_m1f1_P1_Y2_UO290,FXX,0,0.0,0,0,0.0,0,0,0,0.0,0.625,1,P0_CV0,1,0,2,0,2
2,2.0,1.0,Age0_F2_m2f2_P2_Y4_UO258,RD2_F1_m3f3_P3_Y2_UO85,RD2_F1_m1f1_P1_Y2_UO290,FXX,0,0.0,0,0,0.0,0,0,0,0.0,0.625,1,P0_CV0,1,0,2,1,1
2,2.0,1.0,Age0_F2_m2f2_P2_Y4_UO264,RD2_F2_m1f1_P1_Y2_UO116,RD2_F1_m1f1_P1_Y2_UO311,MXY,0,0.0,0,0,0.0,0,0,0,0.0,0.3125,1,P0_CV0,1,0,2,1,1
2,2.0,1.0,Age0_F2_m2f2_P2_Y4_UO270,RD2_F2_m2f2_P2_Y2_UO169,RD2_F1_m1f1_P1_Y2_UO289,FXX,0,0.0,0,0,0.0,0,0,0,0.0,0.6875,1,P0_CV0,1,1,1,1,1
2,2.0,1.0,Age0_F2_m2f2_P2_Y4_UO271,RD2_F2_m2f2_P2_Y2_UO169,RD2_F1_m1f1_P1_Y2_UO289,MXY,0,0.0,0,0,0.0,0,0,0,0.0,0.6875,1,P0_CV0,1,1,1,1,1
2,2.0,1.0,Age0_F2_m2f2_P2_Y4_UO286,RD2_F4_m2f2_P2_Y2_UO300,RD2_F1_m1f1_P1_Y2_UO289,FXX,0,0.0,0,0,0.0,0,0,0,0.0,0.75,1,P0_CV0,1,2,0,1,1
2,2.0,1.0,Age0_F2_m2f2_P2_Y4_UO287,RD2_F4_m2f2_P2_Y2_UO300,RD2_F1_m1f1_P1_Y2_UO289,FXX,0,0.0,0,0,0.0,0,0,0,0.0,0.75,1,P0_CV0,1,2,0,1,1
2,2.0,1.0,R2_F2_m1f1_P1_Y3_UO174,RD1_F3_m1f1_P1_Y1_UO88,RD1_F1_m1f1_P1_Y1_UO211,MXY,1,0.0,1,1,0.0,0,0,0,-9999.0,0.75,1,P0_CV0,1,2,0,1,1
2,2.0,1.0,R2_F2_m1f1_P1_Y3_UO63,RD1_F3_m1f1_P1_Y1_UO88,RD1_F3_m3f3_P3_Y1_UO130,FXX,1,0.0,1,1,1.0,0,0,0,-9999.0,0.875,1,P0_CV0,1,2,0,2,0
2,2.0,1.0,R2_F2_m1f1_P1_Y3_UO176,RD1_F3_m1f1_P1_Y1_UO88,RD1_F1_m1f1_P1_Y1_UO211,MXY,1,0.0,1,1,0.0,0,0,0,-9999.0,0.75,1,P0_CV0,1,1,1,0,2
2,2.0,1.0,R2_F2_m2f2_P2_Y2_UO109,RD2_F1_m1f1_P1_Y0_UO71,RD2_F4_m-1f-1_P4_Y-1_U42,FXX,2,0.0,1,0,1.0,0,0,0,-9999.0,0.5,1,P0_CV0,1,0,2,1,1
2,2.0,1.0,R2_F2_m2f2_P2_Y2_UO47,RD2_F1_m1f1_P1_Y0_UO111,RD2_F4_m4f4_P4_Y0_UO29,FXX,2,0.0,1,0,1.0,0,0,0,-9999.0,0.5,1,P0_CV0,1,1,1,0,2
2,2.0,1.0,Age0_F2_m2f2_P2_Y4_UO9,RD2_F2_m2f2_P2_Y2_UO169,RD2_F1_m1f1_P1_Y2_UO311,MXY,0,0.0,0,0,0.0,0,0,0,0.0,0.375,1,P1_CV0,1,0,2,2,0
2,2.0,1.0,Age0_F2_m2f2_P2_Y4_UO10,RD2_F2_m2f2_P2_Y2_UO169,RD2_F1_m1f1_P1_Y2_UO311,FXX,0,0.0,0,0,0.0,0,0,0,0.0,0.375,1,P1_CV0,1,2,0,1,1
2,2.0,1.0,Age0_F2_m2f2_P2_Y4_UO19,RD2_F1_m3f3_P3_Y2_UO85,RD2_F4_m2f2_P2_Y2_UO62,MXY,0,0.0,0,0,0.0,0,0,0,0.0,0.5,1,P1_CV0,1,1,1,1,1
2,2.0,1.0,Age0_F2_m2f2_P2_Y4_UO81,RD2_F1_m3f3_P3_Y2_UO85,RD2_F2_m4f4_P4_Y2_UO133,MXY,0,0.0,0,0,0.0,0,0,0,0.0,0.375,1,P1_CV0,1,0,2,2,0
2,2.0,1.0,Age0_F2_m2f2_P2_Y4_UO82,RD2_F1_m3f3_P3_Y2_UO85,RD2_F2_m4f4_P4_Y2_UO133,MXY,0,0.0,0,0,0.0,0,0,0,0.0,0.375,1,P1_CV0,1,1,1,0,2
2,2.0,1.0,Age0_F2_m2f2_P2_Y4_UO83,RD2_F1_m3f3_P3_Y2_UO85,RD2_F2_m4f4_P4_Y2_UO133,MXY,0,0.0,0,0,0.0,0,0,0,0.0,0.375,1,P1_CV0,1,0,2,2,0
2,2.0,1.0,Age0_F2_m2f2_P2_Y4_UO84,RD2_F1_m3f3_P3_Y2_UO85,RD2_F2_m4f4_P4_Y2_UO133,MXY,0,0.0,0,0,0.0,0,0,0,0.0,0.375,1,P1_CV0,1,1,1,1,1
2,2.0,1.0,Age0_F2_m2f2_P2_Y4_UO85,RD2_F1_m3f3_P3_Y2_UO85,RD2_F2_m4f4_P4_Y2_UO133,MXY,0,0.0,0,0,0.0,0,0,0,0.0,0.375,1,P1_CV0,1,0,2,0,2
2,2.0,1.0,Age0_F2_m2f2_P2_Y4_UO86,RD2_F1_m3f3_P3_Y2_UO85,RD2_F2_m4f4_P4_Y2_UO133,FXX,0,0.0,0,0,0.0,0,0,0,0.0,0.375,1,P1_CV0,1,0,2,2,0
2,2.0,1.0,Age0_F2_m2f2_P2_Y4_UO87,RD2_F1_m3f3_P3_Y2_UO85,RD2_F1_m2f2_P2_Y2_UO269,FXX,0,0.0,0,0,0.0,0,0,0,0.0,0.5,1,P1_CV0,1,1,1,1,1
2,2.0,1.0,Age0_F2_m2f2_P2_Y4_UO88,RD2_F1_m3f3_P3_Y2_UO85,RD2_F1_m2f2_P2_Y2_UO269,MXY,0,0.0,0,0,0.0,0,0,0,0.0,0.5,1,P1_CV0,1,1,1,1,1
2,2.0,1.0,Age0_F2_m2f2_P2_Y4_UO89,RD2_F1_m3f3_P3_Y2_UO85,RD2_F1_m2f2_P2_Y2_UO269,FXX,0,0.0,0,0,0.0,0,0,0,0.0,0.5,1,P1_CV0,1,1,1,1,1
2,2.0,1.0,Age0_F2_m2f2_P2_Y4_UO90,RD2_F1_m3f3_P3_Y2_UO85,RD2_F1_m2f2_P2_Y2_UO269,FXX,0,0.0,0,0,0.0,0,0,0,0.0,0.5,1,P1_CV0,1,1,1,1,1
2,2.0,1.0,Age0_F2_m2f2_P2_Y4_UO169,RD2_F1_m2f2_P2_Y2_UO67,RD2_F1_m2f2_P2_Y2_UO269,MXY,0,0.0,0,0,0.0,0,0,0,0.0,0.5625,1,P1_CV0,1,2,0,1,1
2,2.0,1.0,Age0_F2_m2f2_P2_Y4_UO188,RD2_F1_m3f3_P3_Y2_UO85,RD2_F2_m1f1_P1_Y2_UO304,MXY,0,0.0,0,0,0.0,0,0,0,0.0,0.3125,1,P1_CV0,1,0,2,2,0
2,2.0,1.0,Age0_F2_m2f2_P2_Y4_UO190,RD2_F1_m3f3_P3_Y2_UO85,RD2_F2_m1f1_P1_Y2_UO304,FXX,0,0.0,0,0,0.0,0,0,0,0.0,0.3125,1,P1_CV0,1,1,1,2,0
2,2.0,1.0,Age0_F2_m2f2_P2_Y4_UO225,RD2_F1_m3f3_P3_Y2_UO85,RD2_F1_m2f2_P2_Y2_UO269,MXY,0,0.0,0,0,0.0,0,0,0,0.0,0.5,1,P1_CV0,1,1,1,0,2
2,2.0,1.0,Age0_F2_m2f2_P2_Y4_UO226,RD2_F1_m3f3_P3_Y2_UO85,RD2_F1_m2f2_P2_Y2_UO269,FXX,0,0.0,0,0,0.0,0,0,0,0.0,0.5,1,P1_CV0,1,1,1,0,2
2,2.0,1.0,Age0_F2_m2f2_P2_Y4_UO227,RD2_F1_m3f3_P3_Y2_UO85,RD2_F1_m2f2_P2_Y2_UO269,MXY,0,0.0,0,0,0.0,0,0,0,0.0,0.5,1,P1_CV0,1,1,1,1,1
2,2.0,1.0,Age0_F2_m2f2_P2_Y4_UO228,RD2_F1_m3f3_P3_Y2_UO85,RD2_F1_m2f2_P2_Y2_UO269,MXY,0,0.0,0,0,0.0,0,0,0,0.0,0.5,1,P1_CV0,1,1,1,1,1
2,2.0,1.0,Age0_F2_m2f2_P2_Y4_UO236,RD2_F1_m2f2_P2_Y2_UO114,RD2_F2_m4f4_P4_Y2_UO133,FXX,0,0.0,0,0,0.0,0,0,0,0.0,0.4375,1,P1_CV0,1,1,1,2,0
2,2.0,1.0,Age0_F2_m2f2_P2_Y4_UO237,RD2_F1_m2f2_P2_Y2_UO114,RD2_F2_m4f4_P4_Y2_UO133,MXY,0,0.0,0,0,0.0,0,0,0,0.0,0.4375,1,P1_CV0,1,1,1,2,0
2,2.0,1.0,Age0_F2_m2f2_P2_Y4_UO238,RD2_F1_m2f2_P2_Y2_UO114,RD2_F2_m4f4_P4_Y2_UO133,MXY,0,0.0,0,0,0.0,0,0,0,0.0,0.4375,1,P1_CV0,1,1,1,2,0
2,2.0,1.0,Age0_F2_m2f2_P2_Y4_UO239,RD2_F1_m2f2_P2_Y2_UO114,RD2_F2_m4f4_P4_Y2_UO133,FXX,0,0.0,0,0,0.0,0,0,0,0.0,0.4375,1,P1_CV0,1,1,1,0,2
2,2.0,1.0,Age0_F2_m2f2_P2_Y4_UO246,RD2_F4_m4f4_P4_Y2_UO173,RD2_F4_m2f2_P2_Y2_UO62,FXX,0,0.0,0,0,0.0,0,0,0,0.0,0.5,1,P1_CV0,1,0,2,1,1
2,2.0,1.0,Age0_F2_m2f2_P2_Y4_UO247,RD2_F4_m4f4_P4_Y2_UO173,RD2_F4_m2f2_P2_Y2_UO62,FXX,0,0.0,0,0,0.0,0,0,0,0.0,0.5,1,P1_CV0,1,0,2,2,0
2,2.0,1.0,Age0_F2_m2f2_P2_Y4_UO251,RD2_F2_m4f4_P4_Y2_UO63,RD2_F2_m4f4_P4_Y2_UO66,MXY,0,0.0,0,0,0.0,0,0,0,0.0,0.25,1,P1_CV0,1,1,1,2,0
2,2.0,1.0,Age0_F2_m2f2_P2_Y4_UO252,RD2_F2_m4f4_P4_Y2_UO63,RD2_F2_m4f4_P4_Y2_UO66,FXX,0,0.0,0,0,0.0,0,0,0,0.0,0.25,1,P1_CV0,1,1,1,2,0
2,2.0,1.0,Age0_F2_m2f2_P2_Y4_UO253,RD2_F2_m4f4_P4_Y2_UO63,RD2_F2_m4f4_P4_Y2_UO66,FXX,0,0.0,0,0,0.0,0,0,0,0.0,0.25,1,P1_CV0,1,1,1,2,0
2,2.0,1.0,Age0_F2_m2f2_P2_Y4_UO254,RD2_F1_m3f3_P3_Y2_UO85,RD2_F1_m1f1_P1_Y2_UO290,FXX,0,0.0,0,0,0.0,0,0,0,0.0,0.625,1,P1_CV0,1,0,2,2,0
2,2.0,1.0,Age0_F2_m2f2_P2_Y4_UO256,RD2_F1_m3f3_P3_Y2_UO85,RD2_F1_m1f1_P1_Y2_UO290,FXX,0,0.0,0,0,0.0,0,0,0,0.0,0.625,1,P1_CV0,1,1,1,1,1
2,2.0,1.0,Age0_F2_m2f2_P2_Y4_UO272,RD2_F2_m2f2_P2_Y2_UO169,RD2_F1_m1f1_P1_Y2_UO289,MXY,0,0.0,0,0,0.0,0,0,0,0.0,0.6875,1,P1_CV0,1,1,1,2,0
2,2.0,1.0,Age0_F2_m2f2_P2_Y4_UO273,RD2_F2_m2f2_P2_Y2_UO169,RD2_F1_m1f1_P1_Y2_UO289,FXX,0,0.0,0,0,0.0,0,0,0,0.0,0.6875,1,P1_CV0,1,0,2,1,1
2,2.0,1.0,R2_F2_m2f2_P2_Y3_UO218,RD2_F4_m3f3_P3_Y1_UO81,RD2_F4_m2f2_P2_Y0_UO264,FXX,1,0.0,1,1,1.0,0,0,0,-9999.0,0.625,1,P1_CV0,1,2,0,1,1
2,2.0,1.0,R2_F2_m1f1_P1_Y3_UO183,RD1_F3_m1f1_P1_Y1_UO88,RD1_F1_m1f1_P1_Y1_UO211,MXY,1,0.0,1,1,0.0,0,0,0,-9999.0,0.75,1,P1_CV0,1,2,0,2,0
2,2.0,1.0,R2_F2_m1f1_P1_Y3_UO34,RD1_F3_m3f3_P3_Y1_UO136,RD1_F3_m4f4_P4_Y1_UO173,MXY,1,0.0,1,1,0.0,0,0,0,-9999.0,0.875,1,P1_CV0,1,2,0,2,0
2,2.0,1.0,R2_F2_m2f2_P2_Y2_UO169,RD2_F4_m2f2_P2_Y0_UO267,RD2_F1_m-1f-1_P3_Y-1_U14,FXX,2,0.0,1,0,1.0,0,0,0,-9999.0,0.5,1,P1_CV0,1,1,1,1,1
2,2.0,1.0,Age0_F2_m2f2_P2_Y4_UO117,RD2_F1_m1f1_P1_Y2_UO75,RD2_F2_m1f1_P1_Y2_UO304,MXY,0,0.0,0,0,0.0,0,0,0,0.0,0.4375,1,P2_CV0,1,1,1,1,1
2,2.0,1.0,Age0_F2_m2f2_P2_Y4_UO124,RD2_F4_m3f3_P3_Y2_UO105,RD2_F4_m3f3_P3_Y2_UO36,FXX,0,0.0,0,0,0.0,0,0,0,0.0,0.3125,1,P2_CV0,1,1,1,1,1
2,2.0,1.0,Age0_F2_m2f2_P2_Y4_UO167,RD2_F1_m2f2_P2_Y2_UO67,RD2_F1_m2f2_P2_Y2_UO269,FXX,0,0.0,0,0,0.0,0,0,0,0.0,0.5625,1,P2_CV0,1,1,1,0,2
2,2.0,1.0,Age0_F2_m2f2_P2_Y4_UO168,RD2_F1_m2f2_P2_Y2_UO67,RD2_F1_m2f2_P2_Y2_UO269,MXY,0,0.0,0,0,0.0,0,0,0,0.0,0.5625,1,P2_CV0,1,1,1,1,1
2,2.0,1.0,Age0_F2_m2f2_P2_Y4_UO170,RD2_F1_m2f2_P2_Y2_UO67,RD2_F1_m2f2_P2_Y2_UO269,MXY,0,0.0,0,0,0.0,0,0,0,0.0,0.5625,1,P2_CV0,1,1,1,1,1
2,2.0,1.0,Age0_F2_m2f2_P2_Y4_UO187,RD2_F1_m3f3_P3_Y2_UO85,RD2_F2_m1f1_P1_Y2_UO304,FXX,0,0.0,0,0,0.0,0,0,0,0.0,0.3125,1,P2_CV0,1,1,1,2,0
2,2.0,1.0,Age0_F2_m2f2_P2_Y4_UO189,RD2_F1_m3f3_P3_Y2_UO85,RD2_F2_m1f1_P1_Y2_UO304,FXX,0,0.0,0,0,0.0,0,0,0,0.0,0.3125,1,P2_CV0,1,1,1,2,0
2,2.0,1.0,Age0_F2_m2f2_P2_Y4_UO218,RD2_F1_m2f2_P2_Y2_UO67,RD2_F2_m4f4_P4_Y2_UO160,MXY,0,0.0,0,0,0.0,0,0,0,0.0,0.625,1,P2_CV0,1,1,1,1,1
2,2.0,1.0,Age0_F2_m2f2_P2_Y4_UO219,RD2_F1_m2f2_P2_Y2_UO67,RD2_F2_m4f4_P4_Y2_UO160,MXY,0,0.0,0,0,0.0,0,0,0,0.0,0.625,1,P2_CV0,1,1,1,1,1
2,2.0,1.0,Age0_F2_m2f2_P2_Y4_UO263,RD2_F2_m1f1_P1_Y2_UO116,RD2_F1_m1f1_P1_Y2_UO311,MXY,0,0.0,0,0,0.0,0,0,0,0.0,0.3125,1,P2_CV0,1,2,0,1,1
2,2.0,1.0,Age0_F2_m2f2_P2_Y4_UO285,RD2_F4_m2f2_P2_Y2_UO300,RD2_F1_m1f1_P1_Y2_UO289,MXY,0,0.0,0,0,0.0,0,0,0,0.0,0.75,1,P2_CV0,1,2,0,0,2
2,2.0,1.0,Age0_F2_m2f2_P2_Y4_UO288,RD2_F4_m2f2_P2_Y2_UO300,RD2_F1_m1f1_P1_Y2_UO289,FXX,0,0.0,0,0,0.0,0,0,0,0.0,0.75,1,P2_CV0,1,2,0,1,1
2,2.0,1.0,R2_F2_m2f2_P2_Y2_UO168,RD2_F4_m2f2_P2_Y0_UO267,RD2_F1_m-1f-1_P3_Y-1_U14,FXX,2,0.0,1,0,1.0,0,0,0,-9999.0,0.5,1,P2_CV0,1,2,0,1,1
2,2.0,1.0,R2_F2_m2f2_P2_Y2_UO67,RD2_F4_m3f3_P3_Y0_UO186,RD2_F4_m3f3_P3_Y0_UO105,FXX,2,0.0,1,0,1.0,0,0,0,-9999.0,0.5,1,P2_CV0,1,1,1,1,1
2,2.0,1.0,R2_F2_m4f4_P4_Y1_UO222,RD4_F3_m-1f-1_P3_Y-1_U9,RD4_F3_m-1f-1_P3_Y-1_U78,FXX,3,0.0,1,0,1.0,0,0,0,-9999.0,0.5,1,P2_CV0,1,0,2,1,1
2,2.0,1.0,Age0_F2_m2f2_P2_Y4_UO123,RD2_F4_m3f3_P3_Y2_UO105,RD2_F4_m3f3_P3_Y2_UO36,MXY,0,0.0,0,0,0.0,0,0,0,0.0,0.3125,1,P3_CV0,1,1,1,1,1
2,2.0,1.0,Age0_F2_m2f2_P2_Y4_UO199,RD2_F1_m3f3_P3_Y2_UO258,RD2_F1_m3f3_P3_Y1_UO130,FXX,0,0.0,0,0,0.0,0,0,0,0.0,0.6875,1,P3_CV0,1,1,1,1,1
2,2.0,1.0,Age0_F2_m2f2_P2_Y4_UO200,RD2_F1_m3f3_P3_Y2_UO258,RD2_F1_m3f3_P3_Y1_UO130,MXY,0,0.0,0,0,0.0,0,0,0,0.0,0.6875,1,P3_CV0,1,2,0,1,1
2,2.0,1.0,Age0_F2_m2f2_P2_Y4_UO201,RD2_F1_m3f3_P3_Y2_UO258,RD2_F1_m3f3_P3_Y1_UO130,MXY,0,0.0,0,0,0.0,0,0,0,0.0,0.6875,1,P3_CV0,1,2,0,1,1
2,2.0,1.0,Age0_F2_m2f2_P2_Y4_UO217,RD2_F1_m2f2_P2_Y2_UO67,RD2_F2_m4f4_P4_Y2_UO160,FXX,0,0.0,0,0,0.0,0,0,0,0.0,0.625,1,P3_CV0,1,2,0,1,1
2,2.0,1.0,Age0_F2_m2f2_P2_Y4_UO220,RD2_F1_m2f2_P2_Y2_UO67,RD2_F2_m4f4_P4_Y2_UO160,MXY,0,0.0,0,0,0.0,0,0,0,0.0,0.625,1,P3_CV0,1,1,1,1,1
2,2.0,1.0,Age0_F2_m2f2_P2_Y4_UO240,RD2_F1_m2f2_P2_Y2_UO114,RD2_F2_m4f4_P4_Y2_UO133,MXY,0,0.0,0,0,0.0,0,0,0,0.0,0.4375,1,P3_CV0,1,0,2,1,1
2,2.0,1.0,Age0_F2_m2f2_P2_Y4_UO249,RD2_F2_m4f4_P4_Y2_UO63,RD2_F2_m4f4_P4_Y2_UO66,MXY,0,0.0,0,0,0.0,0,0,0,0.0,0.25,1,P3_CV0,1,2,0,2,0
2,2.0,1.0,Age0_F2_m2f2_P2_Y4_UO250,RD2_F2_m4f4_P4_Y2_UO63,RD2_F2_m4f4_P4_Y2_UO66,MXY,0,0.0,0,0,0.0,0,0,0,0.0,0.25,1,P3_CV0,1,1,1,2,0
2,2.0,1.0,Age0_F2_m2f2_P2_Y4_UO282,RD2_F4_m3f3_P3_Y2_UO105,RD2_F2_m4f4_P4_Y2_UO160,FXX,0,0.0,0,0,0.0,0,0,0,0.0,0.5625,1,P3_CV0,1,1,1,1,1
2,2.0,1.0,Age0_F2_m2f2_P2_Y4_UO283,RD2_F4_m3f3_P3_Y2_UO105,RD2_F2_m4f4_P4_Y2_UO160,MXY,0,0.0,0,0,0.0,0,0,0,0.0,0.5625,1,P3_CV0,1,1,1,1,1
2,2.0,1.0,Age0_F2_m2f2_P2_Y4_UO284,RD2_F4_m3f3_P3_Y2_UO105,RD2_F2_m4f4_P4_Y2_UO160,MXY,0,0.0,0,0,0.0,0,0,0,0.0,0.5625,1,P3_CV0,1,1,1,1,1
2,2.0,1.0,Age0_F2_m2f2_P2_Y4_UO289,RD2_F2_m2f2_P2_Y2_UO169,RD2_F2_m4f4_P4_Y2_UO66,MXY,0,0.0,0,0,0.0,0,0,0,0.0,0.375,1,P3_CV0,1,0,2,2,0
2,2.0,1.0,Age0_F2_m2f2_P2_Y4_UO290,RD2_F2_m2f2_P2_Y2_UO169,RD2_F2_m4f4_P4_Y2_UO66,MXY,0,0.0,0,0,0.0,0,0,0,0.0,0.375,1,P3_CV0,1,1,1,2,0
2,2.0,1.0,Age0_F2_m2f2_P2_Y4_UO291,RD2_F2_m2f2_P2_Y2_UO169,RD2_F2_m4f4_P4_Y2_UO66,FXX,0,0.0,0,0,0.0,0,0,0,0.0,0.375,1,P3_CV0,1,1,1,2,0
2,2.0,1.0,Age0_F2_m2f2_P2_Y4_UO292,RD2_F2_m2f2_P2_Y2_UO169,RD2_F2_m4f4_P4_Y2_UO66,MXY,0,0.0,0,0,0.0,0,0,0,0.0,0.375,1,P3_CV0,1,2,0,1,1
2,2.0,1.0,R2_F2_m4f4_P4_Y3_UO197,RD4_F4_m3f3_P3_Y1_UO36,RD4_F4_m4f4_P4_Y1_UO220,MXY,1,0.0,1,1,0.0,0,0,0,-9999.0,0.75,1,P3_CV0,1,1,1,1,1
2,2.0,1.0,R2_F2_m4f4_P4_Y3_UO82,RD4_F2_m2f2_P2_Y1_UO56,RD4_F3_m3f3_P3_Y1_UO43,MXY,1,0.0,1,1,0.0,0,0,0,-9999.0,0.625,1,P3_CV0,1,1,1,2,0
2,2.0,1.0,R2_F2_m1f1_P1_Y3_UO36,RD1_F3_m3f3_P3_Y1_UO136,RD1_F3_m4f4_P4_Y1_UO173,MXY,1,0.0,1,1,0.0,0,0,0,-9999.0,0.875,1,P3_CV0,1,2,0,2,0
2,2.0,1.0,R2_F2_m4f4_P4_Y3_UO159,RD4_F4_m3f3_P3_Y1_UO36,RD4_F3_m3f3_P3_Y1_UO99,FXX,1,0.0,1,1,1.0,0,0,0,-9999.0,0.625,1,P3_CV0,1,1,1,1,1
2,2.0,1.0,R2_F2_m4f4_P4_Y3_UO24,RD4_F4_m3f3_P3_Y1_UO36,RD4_F3_m4f4_P4_Y0_UO272,MXY,1,0.0,1,1,0.0,0,0,0,-9999.0,0.875,1,P3_CV0,1,2,0,1,1
2,2.0,1.0,R2_F2_m2f2_P2_Y2_UO114,RD2_F4_m4f4_P4_Y0_UO32,RD2_F1_m2f2_P2_Y0_UO177,FXX,2,0.0,1,0,1.0,0,0,0,-9999.0,0.5,1,P3_CV0,1,1,1,1,1
2,2.0,1.0,R2_F2_m3f3_P3_Y2_UO105,RD3_F4_m3f3_P3_Y0_UO137,RD3_F3_m4f4_P4_Y0_UO91,FXX,2,0.0,1,0,1.0,0,0,0,-9999.0,0.375,1,P3_CV0,1,0,2,2,0
2,2.0,1.0,R2_F2_m2f2_P2_Y1_UO159,RD2_F1_m-1f-1_P1_Y-1_U35,RD2_F4_m-1f-1_P4_Y-1_U67,FXX,3,0.0,1,0,1.0,0,0,0,-9999.0,0.25,1,P3_CV0,1,0,2,0,2
3,1.0,2.0,Age0_F3_m3f3_P3_Y4_UO1,RD3_F4_m2f2_P2_Y2_UO108,RD3_F3_m3f3_P3_Y2_UO236,MXY,0,0.0,0,0,0.0,0,0,0,0.0,0.4375,1,P0_CV0,1,1,1,1,1
3,1.0,2.0,Age0_F3_m3f3_P3_Y4_UO2,RD3_F4_m2f2_P2_Y2_UO108,RD3_F3_m3f3_P3_Y2_UO236,MXY,0,0.0,0,0,0.0,0,0,0,0.0,0.4375,1,P0_CV0,1,1,1,0,2
3,1.0,2.0,Age0_F3_m3f3_P3_Y4_UO6,RD3_F1_m1f1_P1_Y2_UO295,RD3_F3_m3f3_P3_Y2_UO236,MXY,0,0.0,0,0,0.0,0,0,0,0.0,0.1875,1,P0_CV0,1,1,1,1,1
3,1.0,2.0,Age0_F3_m3f3_P3_Y4_UO7,RD3_F1_m1f1_P1_Y2_UO295,RD3_F3_m3f3_P3_Y2_UO236,FXX,0,0.0,0,0,0.0,0,0,0,0.0,0.1875,1,P0_CV0,1,1,1,2,0
3,1.0,2.0,Age0_F3_m3f3_P3_Y4_UO49,RD3_F1_m1f1_P1_Y2_UO248,RD3_F3_m4f4_P4_Y2_UO44,MXY,0,0.0,0,0,0.0,0,0,0,0.0,0.8125,1,P0_CV0,1,2,0,0,2
3,1.0,2.0,Age0_F3_m3f3_P3_Y4_UO53,RD3_F1_m1f1_P1_Y2_UO250,RD3_F3_m4f4_P4_Y2_UO44,MXY,0,0.0,0,0,0.0,0,0,0,0.0,0.8125,1,P0_CV0,1,1,1,0,2
3,1.0,2.0,Age0_F3_m3f3_P3_Y4_UO54,RD3_F1_m1f1_P1_Y2_UO250,RD3_F3_m4f4_P4_Y2_UO44,FXX,0,0.0,0,0,0.0,0,0,0,0.0,0.8125,1,P0_CV0,1,1,1,1,1
3,1.0,2.0,Age0_F3_m3f3_P3_Y4_UO55,RD3_F1_m1f1_P1_Y2_UO250,RD3_F3_m4f4_P4_Y2_UO44,FXX,0,0.0,0,0,0.0,0,0,0,0.0,0.8125,1,P0_CV0,1,1,1,0,2
3,1.0,2.0,Age0_F3_m3f3_P3_Y4_UO57,RD3_F1_m1f1_P1_Y2_UO250,RD3_F3_m4f4_P4_Y2_UO44,FXX,0,0.0,0,0,0.0,0,0,0,0.0,0.8125,1,P0_CV0,1,1,1,0,2
3,1.0,2.0,Age0_F3_m3f3_P3_Y4_UO66,RD3_F1_m2f2_P2_Y2_UO273,RD3_F3_m3f3_P3_Y2_UO259,MXY,0,0.0,0,0,0.0,0,0,0,0.0,0.5625,1,P0_CV0,1,2,0,0,2
3,1.0,2.0,Age0_F3_m3f3_P3_Y4_UO69,RD3_F1_m2f2_P2_Y2_UO273,RD3_F3_m3f3_P3_Y2_UO259,MXY,0,0.0,0,0,0.0,0,0,0,0.0,0.5625,1,P0_CV0,1,1,1,0,2
3,1.0,2.0,Age0_F3_m3f3_P3_Y4_UO99,RD3_F1_m1f1_P1_Y2_UO222,RD3_F1_m3f3_P3_Y2_UO198,FXX,0,0.0,0,0,0.0,0,0,0,0.0,0.75,1,P0_CV0,1,2,0,1,1
3,1.0,2.0,Age0_F3_m3f3_P3_Y4_UO103,RD3_F1_m1f1_P1_Y2_UO222,RD3_F1_m3f3_P3_Y2_UO198,MXY,0,0.0,0,0,0.0,0,0,0,0.0,0.75,1,P0_CV0,1,2,0,1,1
3,1.0,2.0,Age0_F3_m3f3_P3_Y4_UO111,RD3_F1_m1f1_P1_Y2_UO295,RD3_F1_m3f3_P3_Y2_UO256,FXX,0,0.0,0,0,0.0,0,0,0,0.0,0.3125,1,P0_CV0,1,1,1,1,1
3,1.0,2.0,Age0_F3_m3f3_P3_Y4_UO112,RD3_F1_m1f1_P1_Y2_UO295,RD3_F1_m3f3_P3_Y2_UO256,MXY,0,0.0,0,0,0.0,0,0,0,0.0,0.3125,1,P0_CV0,1,1,1,2,0
3,1.0,2.0,Age0_F3_m3f3_P3_Y4_UO113,RD3_F1_m1f1_P1_Y2_UO295,RD3_F1_m3f3_P3_Y2_UO256,FXX,0,0.0,0,0,0.0,0,0,0,0.0,0.3125,1,P0_CV0,1,1,1,1,1
3,1.0,2.0,Age0_F3_m3f3_P3_Y4_UO114,RD3_F1_m1f1_P1_Y2_UO295,RD3_F1_m3f3_P3_Y2_UO256,FXX,0,0.0,0,0,0.0,0,0,0,0.0,0.3125,1,P0_CV0,1,1,1,1,1
3,1.0,2.0,Age0_F3_m3f3_P3_Y4_UO115,RD3_F1_m1f1_P1_Y2_UO295,RD3_F1_m3f3_P3_Y2_UO256,MXY,0,0.0,0,0,0.0,0,0,0,0.0,0.3125,1,P0_CV0,1,1,1,1,1
3,1.0,2.0,Age0_F3_m3f3_P3_Y4_UO118,RD3_F3_m1f1_P1_Y2_UO215,RD3_F1_m-1f-1_P4_Y-1_U34,MXY,0,0.0,0,0,0.0,0,0,0,0.0,0.375,1,P0_CV0,1,0,2,1,1
3,1.0,2.0,Age0_F3_m3f3_P3_Y4_UO119,RD3_F3_m1f1_P1_Y2_UO215,RD3_F1_m-1f-1_P4_Y-1_U34,MXY,0,0.0,0,0,0.0,0,0,0,0.0,0.375,1,P0_CV0,1,0,2,1,1
3,1.0,2.0,Age0_F3_m3f3_P3_Y4_UO121,RD3_F3_m1f1_P1_Y2_UO215,RD3_F1_m-1f-1_P4_Y-1_U34,FXX,0,0.0,0,0,0.0,0,0,0,0.0,0.375,1,P0_CV0,1,1,1,1,1
3,1.0,2.0,Age0_F3_m3f3_P3_Y4_UO130,RD3_F3_m1f1_P1_Y2_UO150,RD3_F3_m3f3_P3_Y2_UO236,MXY,0,0.0,0,0,0.0,0,0,0,0.0,0.5625,1,P0_CV0,1,1,1,1,1
3,1.0,2.0,Age0_F3_m3f3_P3_Y4_UO131,RD3_F3_m1f1_P1_Y2_UO150,RD3_F3_m3f3_P3_Y2_UO236,MXY,0,0.0,0,0,0.0,0,0,0,0.0,0.5625,1,P0_CV0,1,2,0,0,2
3,1.0,2.0,Age0_F3_m3f3_P3_Y4_UO132,RD3_F3_m1f1_P1_Y2_UO150,RD3_F3_m3f3_P3_Y2_UO236,FXX,0,0.0,0,0,0.0,0,0,0,0.0,0.5625,1,P0_CV0,1,2,0,0,2
3,1.0,2.0,Age0_F3_m3f3_P3_Y4_UO134,RD3_F3_m1f1_P1_Y2_UO150,RD3_F3_m3f3_P3_Y2_UO236,FXX,0,0.0,0,0,0.0,0,0,0,0.0,0.5625,1,P0_CV0,1,1,1,0,2
3,1.0,2.0,Age0_F3_m3f3_P3_Y4_UO223,RD3_F4_m2f2_P2_Y2_UO137,RD3_F1_m1f1_P1_Y2_UO152,MXY,0,0.0,0,0,0.0,0,0,0,0.0,0.625,1,P0_CV0,1,1,1,0,2
3,1.0,2.0,Age0_F3_m3f3_P3_Y4_UO243,RD3_F4_m2f2_P2_Y2_UO108,RD3_F3_m3f3_P3_Y2_UO236,FXX,0,0.0,0,0,0.0,0,0,0,0.0,0.4375,1,P0_CV0,1,1,1,0,2
3,1.0,2.0,Age0_F3_m3f3_P3_Y4_UO244,RD3_F4_m2f2_P2_Y2_UO108,RD3_F3_m3f3_P3_Y2_UO236,MXY,0,0.0,0,0,0.0,0,0,0,0.0,0.4375,1,P0_CV0,1,1,1,0,2
3,1.0,2.0,Age0_F3_m3f3_P3_Y4_UO266,RD3_F1_m1f1_P1_Y2_UO295,RD3_F3_m1f1_P1_Y2_UO225,MXY,0,0.0,0,0,0.0,0,0,0,0.0,0.3125,1,P0_CV0,1,0,2,2,0
3,1.0,2.0,Age0_F3_m3f3_P3_Y4_UO267,RD3_F1_m1f1_P1_Y2_UO295,RD3_F3_m1f1_P1_Y2_UO225,FXX,0,0.0,0,0,0.0,0,0,0,0.0,0.3125,1,P0_CV0,1,0,2,2,0
3,1.0,2.0,Age0_F3_m3f3_P3_Y4_UO268,RD3_F1_m1f1_P1_Y2_UO295,RD3_F3_m1f1_P1_Y2_UO225,MXY,0,0.0,0,0,0.0,0,0,0,0.0,0.3125,1,P0_CV0,1,0,2,2,0
3,1.0,2.0,Age0_F3_m3f3_P3_Y4_UO269,RD3_F1_m1f1_P1_Y2_UO295,RD3_F3_m1f1_P1_Y2_UO225,FXX,0,0.0,0,0,0.0,0,0,0,0.0,0.3125,1,P0_CV0,1,0,2,2,0
3,1.0,2.0,Age0_F3_m3f3_P3_Y4_UO280,RD3_F3_m1f1_P1_Y2_UO150,RD3_F4_m4f4_P4_Y2_UO138,FXX,0,0.0,0,0,0.0,0,0,0,0.0,0.5,1,P0_CV0,1,1,1,0,2
3,1.0,2.0,Age0_F3_m3f3_P3_Y4_UO281,RD3_F3_m1f1_P1_Y2_UO150,RD3_F4_m4f4_P4_Y2_UO138,MXY,0,0.0,0,0,0.0,0,0,0,0.0,0.5,1,P0_CV0,1,1,1,1,1
3,1.0,2.0,R3_F3_m4f4_P4_Y3_UO163,RD4_F3_m1f1_P1_Y1_UO156,RD4_F3_m4f4_P4_Y0_UO272,FXX,1,0.0,1,1,1.0,0,0,0,-9999.0,0.75,1,P0_CV0,1,2,0,0,2
3,1.0,2.0,R3_F3_m1f1_P1_Y3_UO187,RD1_F2_m4f4_P4_Y1_UO222,RD1_F3_m3f3_P3_Y1_UO130,MXY,1,0.0,1,1,0.0,0,0,0,-9999.0,0.625,1,P0_CV0,1,1,1,1,1
3,1.0,2.0,R3_F3_m4f4_P4_Y3_UO123,RD4_F2_m2f2_P2_Y1_UO56,RD4_F3_m3f3_P3_Y1_UO99,MXY,1,0.0,1,1,0.0,0,0,0,-9999.0,0.25,1,P0_CV0,1,0,2,1,1
3,1.0,2.0,R3_F3_m1f1_P1_Y3_UO64,RD1_F3_m1f1_P1_Y1_UO88,RD1_F3_m3f3_P3_Y1_UO130,MXY,1,0.0,1,1,0.0,0,0,0,-9999.0,0.875,1,P0_CV0,1,2,0,0,2
3,1.0,2.0,R3_F3_m1f1_P1_Y3_UO191,RD1_F2_m4f4_P4_Y1_UO222,RD1_F3_m3f3_P3_Y1_UO130,FXX,1,0.0,1,1,1.0,0,0,0,-9999.0,0.625,1,P0_CV0,1,1,1,1,1
3,1.0,2.0,R3_F3_m3f3_P3_Y3_UO136,RD3_F1_m2f2_P2_Y1_UO124,RD3_F1_m1f1_P1_Y1_UO150,MXY,1,0.0,1,1,0.0,0,0,0,-9999.0,0.5,1,P0_CV0,1,0,2,1,1
3,1.0,2.0,R3_F3_m1f1_P1_Y2_UO215,RD1_F3_m4f4_P4_Y0_UO22,RD1_F1_m1f1_P1_Y0_UO210,FXX,2,0.0,1,0,1.0,0,0,0,-9999.0,0.25,1,P0_CV0,1,0,2,2,0
3,1.0,2.0,Age0_F3_m3f3_P3_Y4_UO98,RD3_F1_m1f1_P1_Y2_UO222,RD3_F1_m3f3_P3_Y2_UO198,FXX,0,0.0,0,0,0.0,0,0,0,0.0,0.75,1,P1_CV0,1,1,1,2,0
3,1.0,2.0,Age0_F3_m3f3_P3_Y4_UO100,RD3_F1_m1f1_P1_Y2_UO222,RD3_F1_m3f3_P3_Y2_UO198,MXY,0,0.0,0,0,0.0,0,0,0,0.0,0.75,1,P1_CV0,1,2,0,1,1
3,1.0,2.0,Age0_F3_m3f3_P3_Y4_UO101,RD3_F1_m1f1_P1_Y2_UO222,RD3_F1_m3f3_P3_Y2_UO198,MXY,0,0.0,0,0,0.0,0,0,0,0.0,0.75,1,P1_CV0,1,2,0,1,1
3,1.0,2.0,Age0_F3_m3f3_P3_Y4_UO102,RD3_F1_m1f1_P1_Y2_UO222,RD3_F1_m3f3_P3_Y2_UO198,MXY,0,0.0,0,0,0.0,0,0,0,0.0,0.75,1,P1_CV0,1,2,0,2,0
3,1.0,2.0,Age0_F3_m3f3_P3_Y4_UO293,RD3_F1_m1f1_P1_Y2_UO250,RD3_F1_m2f2_P2_Y2_UO271,MXY,0,0.0,0,0,0.0,0,0,0,0.0,0.6875,1,P1_CV0,1,1,1,0,2
3,1.0,2.0,Age0_F3_m3f3_P3_Y4_UO295,RD3_F1_m1f1_P1_Y2_UO250,RD3_F1_m2f2_P2_Y2_UO271,FXX,0,0.0,0,0,0.0,0,0,0,0.0,0.6875,1,P1_CV0,1,1,1,1,1
3,1.0,2.0,Age0_F3_m3f3_P3_Y4_UO296,RD3_F1_m1f1_P1_Y2_UO250,RD3_F1_m2f2_P2_Y2_UO271,MXY,0,0.0,0,0,0.0,0,0,0,0.0,0.6875,1,P1_CV0,1,1,1,0,2
3,1.0,2.0,Age0_F3_m3f3_P3_Y4_UO0,RD3_F4_m2f2_P2_Y2_UO108,RD3_F3_m3f3_P3_Y2_UO236,MXY,0,0.0,0,0,0.0,0,0,0,0.0,0.4375,1,P2_CV0,1,1,1,2,0
3,1.0,2.0,Age0_F3_m3f3_P3_Y4_UO3,RD3_F4_m2f2_P2_Y2_UO108,RD3_F3_m3f3_P3_Y2_UO236,MXY,0,0.0,0,0,0.0,0,0,0,0.0,0.4375,1,P2_CV0,1,1,1,1,1
3,1.0,2.0,Age0_F3_m3f3_P3_Y4_UO4,RD3_F4_m2f2_P2_Y2_UO108,RD3_F3_m3f3_P3_Y2_UO236,FXX,0,0.0,0,0,0.0,0,0,0,0.0,0.4375,1,P2_CV0,1,1,1,2,0
3,1.0,2.0,Age0_F3_m3f3_P3_Y4_UO5,RD3_F1_m1f1_P1_Y2_UO295,RD3_F3_m3f3_P3_Y2_UO236,MXY,0,0.0,0,0,0.0,0,0,0,0.0,0.1875,1,P2_CV0,1,1,1,1,1
3,1.0,2.0,Age0_F3_m3f3_P3_Y4_UO8,RD3_F1_m1f1_P1_Y2_UO295,RD3_F3_m3f3_P3_Y2_UO236,FXX,0,0.0,0,0,0.0,0,0,0,0.0,0.1875,1,P2_CV0,1,1,1,2,0
3,1.0,2.0,Age0_F3_m3f3_P3_Y4_UO43,RD3_F4_m4f4_P4_Y2_UO267,RD3_F3_m3f3_P3_Y2_UO236,FXX,0,0.0,0,0,0.0,0,0,0,0.0,0.4375,1,P2_CV0,1,1,1,0,2
3,1.0,2.0,Age0_F3_m3f3_P3_Y4_UO44,RD3_F4_m4f4_P4_Y2_UO267,RD3_F3_m3f3_P3_Y2_UO236,FXX,0,0.0,0,0,0.0,0,0,0,0.0,0.4375,1,P2_CV0,1,2,0,1,1
3,1.0,2.0,Age0_F3_m3f3_P3_Y4_UO45,RD3_F4_m4f4_P4_Y2_UO267,RD3_F3_m3f3_P3_Y2_UO236,MXY,0,0.0,0,0,0.0,0,0,0,0.0,0.4375,1,P2_CV0,1,2,0,0,2
3,1.0,2.0,Age0_F3_m3f3_P3_Y4_UO46,RD3_F4_m4f4_P4_Y2_UO267,RD3_F3_m3f3_P3_Y2_UO236,MXY,0,0.0,0,0,0.0,0,0,0,0.0,0.4375,1,P2_CV0,1,2,0,0,2
3,1.0,2.0,Age0_F3_m3f3_P3_Y4_UO47,RD3_F4_m4f4_P4_Y2_UO267,RD3_F3_m3f3_P3_Y2_UO236,MXY,0,0.0,0,0,0.0,0,0,0,0.0,0.4375,1,P2_CV0,1,2,0,0,2
3,1.0,2.0,Age0_F3_m3f3_P3_Y4_UO48,RD3_F1_m1f1_P1_Y2_UO248,RD3_F3_m4f4_P4_Y2_UO44,MXY,0,0.0,0,0,0.0,0,0,0,0.0,0.8125,1,P2_CV0,1,1,1,1,1
3,1.0,2.0,Age0_F3_m3f3_P3_Y4_UO50,RD3_F1_m1f1_P1_Y2_UO248,RD3_F3_m4f4_P4_Y2_UO44,FXX,0,0.0,0,0,0.0,0,0,0,0.0,0.8125,1,P2_CV0,1,2,0,0,2
3,1.0,2.0,Age0_F3_m3f3_P3_Y4_UO51,RD3_F1_m1f1_P1_Y2_UO248,RD3_F3_m4f4_P4_Y2_UO44,MXY,0,0.0,0,0,0.0,0,0,0,0.0,0.8125,1,P2_CV0,1,1,1,0,2
3,1.0,2.0,Age0_F3_m3f3_P3_Y4_UO52,RD3_F1_m1f1_P1_Y2_UO248,RD3_F3_m4f4_P4_Y2_UO44,FXX,0,0.0,0,0,0.0,0,0,0,0.0,0.8125,1,P2_CV0,1,2,0,0,2
3,1.0,2.0,Age0_F3_m3f3_P3_Y4_UO56,RD3_F1_m1f1_P1_Y2_UO250,RD3_F3_m4f4_P4_Y2_UO44,MXY,0,0.0,0,0,0.0,0,0,0,0.0,0.8125,1,P2_CV0,1,2,0,1,1
3,1.0,2.0,Age0_F3_m3f3_P3_Y4_UO133,RD3_F3_m1f1_P1_Y2_UO150,RD3_F3_m3f3_P3_Y2_UO236,MXY,0,0.0,0,0,0.0,0,0,0,0.0,0.5625,1,P2_CV0,1,2,0,1,1
3,1.0,2.0,Age0_F3_m3f3_P3_Y4_UO135,RD3_F3_m1f1_P1_Y2_UO150,RD3_F3_m3f3_P3_Y2_UO236,MXY,0,0.0,0,0,0.0,0,0,0,0.0,0.5625,1,P2_CV0,1,2,0,1,1
3,1.0,2.0,Age0_F3_m3f3_P3_Y4_UO197,RD3_F1_m2f2_P2_Y2_UO273,RD3_F4_m4f4_P4_Y2_UO138,FXX,0,0.0,0,0,0.0,0,0,0,0.0,0.375,1,P2_CV0,1,1,1,1,1
3,1.0,2.0,Age0_F3_m3f3_P3_Y4_UO241,RD3_F4_m2f2_P2_Y2_UO108,RD3_F3_m3f3_P3_Y2_UO236,MXY,0,0.0,0,0,0.0,0,0,0,0.0,0.4375,1,P2_CV0,1,1,1,1,1
3,1.0,2.0,Age0_F3_m3f3_P3_Y4_UO242,RD3_F4_m2f2_P2_Y2_UO108,RD3_F3_m3f3_P3_Y2_UO236,FXX,0,0.0,0,0,0.0,0,0,0,0.0,0.4375,1,P2_CV0,1,1,1,1,1
3,1.0,2.0,Age0_F3_m3f3_P3_Y4_UO265,RD3_F1_m1f1_P1_Y2_UO295,RD3_F3_m1f1_P1_Y2_UO225,MXY,0,0.0,0,0,0.0,0,0,0,0.0,0.3125,1,P2_CV0,1,1,1,2,0
3,1.0,2.0,Age0_F3_m3f3_P3_Y4_UO274,RD3_F3_m1f1_P1_Y2_UO150,RD3_F4_m4f4_P4_Y2_UO138,FXX,0,0.0,0,0,0.0,0,0,0,0.0,0.5,1,P2_CV0,1,0,2,1,1
3,1.0,2.0,Age0_F3_m3f3_P3_Y4_UO275,RD3_F3_m1f1_P1_Y2_UO150,RD3_F4_m4f4_P4_Y2_UO138,MXY,0,0.0,0,0,0.0,0,0,0,0.0,0.5,1,P2_CV0,1,1,1,0,2
3,1.0,2.0,Age0_F3_m3f3_P3_Y4_UO276,RD3_F3_m1f1_P1_Y2_UO150,RD3_F4_m4f4_P4_Y2_UO138,FXX,0,0.0,0,0,0.0,0,0,0,0.0,0.5,1,P2_CV0,1,1,1,1,1
3,1.0,2.0,Age0_F3_m3f3_P3_Y4_UO277,RD3_F3_m1f1_P1_Y2_UO150,RD3_F4_m4f4_P4_Y2_UO138,FXX,0,0.0,0,0,0.0,0,0,0,0.0,0.5,1,P2_CV0,1,1,1,0,2
3,1.0,2.0,Age0_F3_m3f3_P3_Y4_UO278,RD3_F3_m1f1_P1_Y2_UO150,RD3_F4_m4f4_P4_Y2_UO138,MXY,0,0.0,0,0,0.0,0,0,0,0.0,0.5,1,P2_CV0,1,0,2,0,2
3,1.0,2.0,Age0_F3_m3f3_P3_Y4_UO279,RD3_F3_m1f1_P1_Y2_UO150,RD3_F4_m4f4_P4_Y2_UO138,MXY,0,0.0,0,0,0.0,0,0,0,0.0,0.5,1,P2_CV0,1,0,2,0,2
3,1.0,2.0,Age0_F3_m3f3_P3_Y4_UO294,RD3_F1_m1f1_P1_Y2_UO250,RD3_F1_m2f2_P2_Y2_UO271,MXY,0,0.0,0,0,0.0,0,0,0,0.0,0.6875,1,P2_CV0,1,1,1,1,1
3,1.0,2.0,R3_F3_m3f3_P3_Y3_UO132,RD3_F1_m3f3_P3_Y1_UO128,RD3_F1_m1f1_P1_Y1_UO150,FXX,1,0.0,1,1,1.0,0,0,0,-9999.0,0.75,1,P2_CV0,1,1,1,1,1
3,1.0,2.0,R3_F3_m1f1_P1_Y3_UO192,RD1_F2_m4f4_P4_Y1_UO222,RD1_F3_m3f3_P3_Y1_UO130,MXY,1,0.0,1,1,0.0,0,0,0,-9999.0,0.625,1,P2_CV0,1,1,1,1,1
3,1.0,2.0,R3_F3_m1f1_P1_Y2_UO225,RD1_F1_m2f2_P2_Y0_UO179,RD1_F1_m3f3_P3_Y0_UO37,MXY,2,0.0,1,0,0.0,0,0,0,-9999.0,0.625,1,P2_CV0,1,1,1,1,1
3,1.0,2.0,R3_F3_m1f1_P1_Y2_UO250,RD1_F1_m3f3_P3_Y0_UO48,RD1_F1_m3f3_P3_Y0_UO39,FXX,2,0.0,1,0,1.0,0,0,0,-9999.0,0.75,1,P2_CV0,1,2,0,0,2
3,1.0,2.0,R3_F3_m4f4_P4_Y2_UO267,RD4_F2_m1f1_P1_Y0_UO246,RD4_F4_m3f3_P3_Y0_UO103,FXX,2,0.0,1,0,1.0,0,0,0,-9999.0,0.5,1,P2_CV0,1,1,1,1,1
3,1.0,2.0,R3_F3_m4f4_P4_Y2_UO138,RD4_F2_m2f2_P2_Y0_UO86,RD4_F4_m3f3_P3_Y0_UO103,MXY,2,0.0,1,0,0.0,0,0,0,-9999.0,0.25,1,P2_CV0,1,0,2,1,1
3,1.0,2.0,Age0_F3_m3f3_P3_Y4_UO65,RD3_F1_m2f2_P2_Y2_UO273,RD3_F3_m3f3_P3_Y2_UO259,FXX,0,0.0,0,0,0.0,0,0,0,0.0,0.5625,1,P3_CV0,1,1,1,0,2
3,1.0,2.0,Age0_F3_m3f3_P3_Y4_UO67,RD3_F1_m2f2_P2_Y2_UO273,RD3_F3_m3f3_P3_Y2_UO259,FXX,0,0.0,0,0,0.0,0,0,0,0.0,0.5625,1,P3_CV0,1,1,1,0,2
3,1.0,2.0,Age0_F3_m3f3_P3_Y4_UO68,RD3_F1_m2f2_P2_Y2_UO273,RD3_F3_m3f3_P3_Y2_UO259,MXY,0,0.0,0,0,0.0,0,0,0,0.0,0.5625,1,P3_CV0,1,2,0,0,2
3,1.0,2.0,Age0_F3_m3f3_P3_Y4_UO120,RD3_F3_m1f1_P1_Y2_UO215,RD3_F1_m-1f-1_P4_Y-1_U34,MXY,0,0.0,0,0,0.0,0,0,0,0.0,0.375,1,P3_CV0,1,1,1,1,1
3,1.0,2.0,Age0_F3_m3f3_P3_Y4_UO122,RD3_F3_m1f1_P1_Y2_UO215,RD3_F1_m-1f-1_P4_Y-1_U34,MXY,0,0.0,0,0,0.0,0,0,0,0.0,0.375,1,P3_CV0,1,1,1,1,1
3,1.0,2.0,Age0_F3_m3f3_P3_Y4_UO196,RD3_F1_m2f2_P2_Y2_UO273,RD3_F4_m4f4_P4_Y2_UO138,FXX,0,0.0,0,0,0.0,0,0,0,0.0,0.375,1,P3_CV0,1,0,2,0,2
3,1.0,2.0,Age0_F3_m3f3_P3_Y4_UO221,RD3_F4_m2f2_P2_Y2_UO137,RD3_F1_m1f1_P1_Y2_UO152,FXX,0,0.0,0,0,0.0,0,0,0,0.0,0.625,1,P3_CV0,1,1,1,0,2
3,1.0,2.0,Age0_F3_m3f3_P3_Y4_UO222,RD3_F4_m2f2_P2_Y2_UO137,RD3_F1_m1f1_P1_Y2_UO152,MXY,0,0.0,0,0,0.0,0,0,0,0.0,0.625,1,P3_CV0,1,1,1,0,2
3,1.0,2.0,Age0_F3_m3f3_P3_Y4_UO224,RD3_F4_m2f2_P2_Y2_UO137,RD3_F1_m1f1_P1_Y2_UO152,MXY,0,0.0,0,0,0.0,0,0,0,0.0,0.625,1,P3_CV0,1,1,1,0,2
3,1.0,2.0,R3_F3_m3f3_P3_Y3_UO133,RD3_F1_m3f3_P3_Y1_UO128,RD3_F1_m1f1_P1_Y1_UO150,MXY,1,0.0,1,1,0.0,0,0,0,-9999.0,0.75,1,P3_CV0,1,0,2,1,1
3,1.0,2.0,R3_F3_m4f4_P4_Y3_UO157,RD4_F4_m3f3_P3_Y1_UO36,RD4_F3_m3f3_P3_Y1_UO99,MXY,1,0.0,1,1,0.0,0,0,0,-9999.0,0.625,1,P3_CV0,1,1,1,2,0
3,1.0,2.0,R3_F3_m4f4_P4_Y3_UO26,RD4_F4_m3f3_P3_Y1_UO36,RD4_F3_m4f4_P4_Y0_UO272,FXX,1,0.0,1,1,1.0,0,0,0,-9999.0,0.875,1,P3_CV0,1,2,0,1,1
3,1.0,2.0,R3_F3_m1f1_P1_Y3_UO38,RD1_F3_m3f3_P3_Y1_UO136,RD1_F3_m4f4_P4_Y1_UO173,MXY,1,0.0,1,1,0.0,0,0,0,-9999.0,0.875,1,P3_CV0,1,2,0,2,0
3,1.0,2.0,R3_F3_m2f2_P2_Y2_UO273,RD2_F4_m2f2_P2_Y0_UO123,RD2_F4_m4f4_P4_Y0_UO192,FXX,2,0.0,1,0,1.0,0,0,0,-9999.0,0.5,1,P3_CV0,1,1,1,0,2
3,1.0,2.0,R3_F3_m2f2_P2_Y2_UO137,RD2_F4_m4f4_P4_Y0_UO93,RD2_F4_m4f4_P4_Y0_UO29,FXX,2,0.0,1,0,1.0,0,0,0,-9999.0,0.5,1,P3_CV0,1,0,2,0,2
3,1.0,2.0,R3_F3_m3f3_P3_Y1_UO136,RD3_F4_m-1f-1_P4_Y-1_U28,RD3_F1_m-1f-1_P1_Y-1_U11,FXX,3,0.0,1,0,1.0,0,0,0,-9999.0,0.75,1,P3_CV0,1,1,1,2,0
3,1.0,2.0,R3_F3_m4f4_P4_Y0_UO262,R4_F4_m-1f-1_P4_Y-1_U11,R4_F4_m-1f-1_P4_Y-1_U15,FXX,4,0.0,1,0,1.0,0,0,0,-9999.0,1.0,1,P3_CV0,1,2,0,0,2
3,1.0,2.0,R3_F3_m-1f-1_P4_Y-1_U34,-9999,-9999,MXY,5,0.0,1,0,0.0,0,0,0,-9999.0,0.5,1,P3_CV0,1,1,1,1,1
4,2.0,2.0,Age0_F4_m4f4_P4_Y4_UO32,RD4_F2_m4f4_P4_Y2_UO88,RD4_F2_m1f1_P1_Y2_UO186,MXY,0,0.0,0,0,0.0,0,0,0,0.0,0.4375,1,P0_CV0,1,2,0,1,1
4,2.0,2.0,Age0_F4_m4f4_P4_Y4_UO33,RD4_F2_m4f4_P4_Y2_UO88,RD4_F2_m1f1_P1_Y2_UO186,MXY,0,0.0,0,0,0.0,0,0,0,0.0,0.4375,1,P0_CV0,1,1,1,2,0
4,2.0,2.0,Age0_F4_m4f4_P4_Y4_UO34,RD4_F2_m4f4_P4_Y2_UO88,RD4_F2_m1f1_P1_Y2_UO186,FXX,0,0.0,0,0,0.0,0,0,0,0.0,0.4375,1,P0_CV0,1,2,0,1,1
4,2.0,2.0,Age0_F4_m4f4_P4_Y4_UO37,RD4_F2_m4f4_P4_Y2_UO88,RD4_F2_m1f1_P1_Y2_UO186,MXY,0,0.0,0,0,0.0,0,0,0,0.0,0.4375,1,P0_CV0,1,2,0,2,0
4,2.0,2.0,Age0_F4_m4f4_P4_Y4_UO104,RD4_F2_m1f1_P1_Y2_UO223,RD4_F3_m1f1_P1_Y1_UO155,MXY,0,0.0,0,0,0.0,0,0,0,0.0,0.6875,1,P0_CV0,1,2,0,2,0
4,2.0,2.0,Age0_F4_m4f4_P4_Y4_UO105,RD4_F2_m1f1_P1_Y2_UO223,RD4_F3_m1f1_P1_Y1_UO155,FXX,0,0.0,0,0,0.0,0,0,0,0.0,0.6875,1,P0_CV0,1,1,1,2,0
4,2.0,2.0,Age0_F4_m4f4_P4_Y4_UO106,RD4_F2_m1f1_P1_Y2_UO223,RD4_F3_m1f1_P1_Y1_UO155,MXY,0,0.0,0,0,0.0,0,0,0,0.0,0.6875,1,P0_CV0,1,1,1,2,0
4,2.0,2.0,Age0_F4_m4f4_P4_Y4_UO107,RD4_F2_m1f1_P1_Y2_UO223,RD4_F3_m1f1_P1_Y1_UO155,MXY,0,0.0,0,0,0.0,0,0,0,0.0,0.6875,1,P0_CV0,1,1,1,2,0
4,2.0,2.0,Age0_F4_m4f4_P4_Y4_UO109,RD4_F2_m1f1_P1_Y2_UO223,RD4_F3_m1f1_P1_Y1_UO155,FXX,0,0.0,0,0,0.0,0,0,0,0.0,0.6875,1,P0_CV0,1,0,2,2,0
4,2.0,2.0,Age0_F4_m4f4_P4_Y4_UO110,RD4_F2_m1f1_P1_Y2_UO223,RD4_F3_m1f1_P1_Y1_UO155,FXX,0,0.0,0,0,0.0,0,0,0,0.0,0.6875,1,P0_CV0,1,1,1,2,0
4,2.0,2.0,Age0_F4_m4f4_P4_Y4_UO230,RD4_F3_m3f3_P3_Y2_UO55,RD4_F4_m2f2_P2_Y2_UO279,MXY,0,0.0,0,0,0.0,0,0,0,0.0,0.4375,1,P0_CV0,1,1,1,1,1
4,2.0,2.0,Age0_F4_m4f4_P4_Y4_UO231,RD4_F3_m3f3_P3_Y2_UO55,RD4_F4_m2f2_P2_Y2_UO279,MXY,0,0.0,0,0,0.0,0,0,0,0.0,0.4375,1,P0_CV0,1,1,1,1,1
4,2.0,2.0,Age0_F4_m4f4_P4_Y4_UO232,RD4_F3_m3f3_P3_Y2_UO55,RD4_F4_m2f2_P2_Y2_UO279,MXY,0,0.0,0,0,0.0,0,0,0,0.0,0.4375,1,P0_CV0,1,1,1,0,2
4,2.0,2.0,Age0_F4_m4f4_P4_Y4_UO234,RD4_F3_m3f3_P3_Y2_UO55,RD4_F4_m2f2_P2_Y2_UO279,FXX,0,0.0,0,0,0.0,0,0,0,0.0,0.4375,1,P0_CV0,1,1,1,0,2
4,2.0,2.0,Age0_F4_m4f4_P4_Y4_UO235,RD4_F3_m3f3_P3_Y2_UO55,RD4_F4_m2f2_P2_Y2_UO279,MXY,0,0.0,0,0,0.0,0,0,0,0.0,0.4375,1,P0_CV0,1,1,1,0,2
4,2.0,2.0,R4_F4_m4f4_P4_Y3_UO76,RD4_F2_m2f2_P2_Y1_UO56,RD4_F3_m3f3_P3_Y1_UO43,MXY,1,0.0,1,1,0.0,0,0,0,-9999.0,0.625,1,P0_CV0,1,1,1,1,1
4,2.0,2.0,R4_F4_m3f3_P3_Y3_UO91,RD3_F1_m3f3_P3_Y1_UO44,RD3_F4_m3f3_P3_Y1_UO133,FXX,1,0.0,1,1,1.0,0,0,0,-9999.0,0.875,1,P0_CV0,1,2,0,1,1
4,2.0,2.0,R4_F4_m3f3_P3_Y3_UO6,RD3_F1_m2f2_P2_Y1_UO124,RD3_F1_m1f1_P1_Y1_UO206,MXY,1,0.0,1,1,0.0,0,0,0,-9999.0,0.375,1,P0_CV0,1,0,2,0,2
4,2.0,2.0,R4_F4_m2f2_P2_Y2_UO244,RD2_F2_m1f1_P1_Y0_UO13,RD2_F1_m2f2_P2_Y0_UO204,MXY,2,0.0,1,0,0.0,0,0,0,-9999.0,0.875,1,P0_CV0,1,2,0,1,1
4,2.0,2.0,R4_F4_m1f1_P1_Y2_UO154,RD1_F3_m1f1_P1_Y0_UO251,RD1_F3_m1f1_P1_Y0_UO10,FXX,2,0.0,1,0,1.0,0,0,0,-9999.0,0.75,1,P0_CV0,1,2,0,2,0
4,2.0,2.0,R4_F4_m3f3_P3_Y2_UO55,RD3_F3_m3f3_P3_Y0_UO133,RD3_F3_m1f1_P1_Y0_UO240,FXX,2,0.0,1,0,1.0,0,0,0,-9999.0,0.375,1,P0_CV0,1,0,2,1,1
4,2.0,2.0,Age0_F4_m4f4_P4_Y4_UO21,RD4_F3_m4f4_P4_Y2_UO205,RD4_F2_m2f2_P2_Y2_UO127,MXY,0,0.0,0,0,0.0,0,0,0,0.0,0.6875,1,P1_CV0,1,2,0,1,1
4,2.0,2.0,Age0_F4_m4f4_P4_Y4_UO22,RD4_F3_m4f4_P4_Y2_UO205,RD4_F2_m2f2_P2_Y2_UO127,FXX,0,0.0,0,0,0.0,0,0,0,0.0,0.6875,1,P1_CV0,1,2,0,1,1
4,2.0,2.0,Age0_F4_m4f4_P4_Y4_UO23,RD4_F3_m4f4_P4_Y2_UO205,RD4_F2_m2f2_P2_Y2_UO127,MXY,0,0.0,0,0,0.0,0,0,0,0.0,0.6875,1,P1_CV0,1,2,0,2,0
4,2.0,2.0,Age0_F4_m4f4_P4_Y4_UO24,RD4_F3_m4f4_P4_Y2_UO205,RD4_F2_m2f2_P2_Y2_UO127,FXX,0,0.0,0,0,0.0,0,0,0,0.0,0.6875,1,P1_CV0,1,2,0,1,1
4,2.0,2.0,Age0_F4_m4f4_P4_Y4_UO25,RD4_F3_m4f4_P4_Y2_UO205,RD4_F2_m2f2_P2_Y2_UO127,MXY,0,0.0,0,0,0.0,0,0,0,0.0,0.6875,1,P1_CV0,1,2,0,2,0
4,2.0,2.0,Age0_F4_m4f4_P4_Y4_UO26,RD4_F3_m4f4_P4_Y2_UO205,RD4_F2_m2f2_P2_Y2_UO127,MXY,0,0.0,0,0,0.0,0,0,0,0.0,0.6875,1,P1_CV0,1,2,0,2,0
4,2.0,2.0,Age0_F4_m4f4_P4_Y4_UO27,RD4_F3_m4f4_P4_Y2_UO205,RD4_F2_m2f2_P2_Y2_UO127,MXY,0,0.0,0,0,0.0,0,0,0,0.0,0.6875,1,P1_CV0,1,2,0,1,1
4,2.0,2.0,Age0_F4_m4f4_P4_Y4_UO28,RD4_F3_m4f4_P4_Y2_UO205,RD4_F2_m2f2_P2_Y2_UO127,MXY,0,0.0,0,0,0.0,0,0,0,0.0,0.6875,1,P1_CV0,1,2,0,1,1
4,2.0,2.0,Age0_F4_m4f4_P4_Y4_UO31,RD4_F2_m4f4_P4_Y2_UO88,RD4_F2_m1f1_P1_Y2_UO186,FXX,0,0.0,0,0,0.0,0,0,0,0.0,0.4375,1,P1_CV0,1,1,1,1,1
4,2.0,2.0,Age0_F4_m4f4_P4_Y4_UO35,RD4_F2_m4f4_P4_Y2_UO88,RD4_F2_m1f1_P1_Y2_UO186,MXY,0,0.0,0,0,0.0,0,0,0,0.0,0.4375,1,P1_CV0,1,1,1,2,0
4,2.0,2.0,Age0_F4_m4f4_P4_Y4_UO36,RD4_F2_m4f4_P4_Y2_UO88,RD4_F2_m1f1_P1_Y2_UO186,MXY,0,0.0,0,0,0.0,0,0,0,0.0,0.4375,1,P1_CV0,1,2,0,2,0
4,2.0,2.0,Age0_F4_m4f4_P4_Y4_UO93,RD4_F2_m4f4_P4_Y2_UO88,RD4_F2_m1f1_P1_Y2_UO220,FXX,0,0.0,0,0,0.0,0,0,0,0.0,0.4375,1,P1_CV0,1,1,1,2,0
4,2.0,2.0,Age0_F4_m4f4_P4_Y4_UO95,RD4_F2_m4f4_P4_Y2_UO88,RD4_F2_m1f1_P1_Y2_UO220,FXX,0,0.0,0,0,0.0,0,0,0,0.0,0.4375,1,P1_CV0,1,2,0,2,0
4,2.0,2.0,Age0_F4_m4f4_P4_Y4_UO96,RD4_F2_m4f4_P4_Y2_UO88,RD4_F2_m1f1_P1_Y2_UO220,MXY,0,0.0,0,0,0.0,0,0,0,0.0,0.4375,1,P1_CV0,1,1,1,1,1
4,2.0,2.0,Age0_F4_m4f4_P4_Y4_UO97,RD4_F2_m4f4_P4_Y2_UO88,RD4_F2_m1f1_P1_Y2_UO220,MXY,0,0.0,0,0,0.0,0,0,0,0.0,0.4375,1,P1_CV0,1,2,0,2,0
4,2.0,2.0,Age0_F4_m4f4_P4_Y4_UO108,RD4_F2_m1f1_P1_Y2_UO223,RD4_F3_m1f1_P1_Y1_UO155,MXY,0,0.0,0,0,0.0,0,0,0,0.0,0.6875,1,P1_CV0,1,0,2,1,1
4,2.0,2.0,Age0_F4_m4f4_P4_Y4_UO136,RD4_F3_m4f4_P4_Y2_UO205,RD4_F4_m3f3_P3_Y2_UO99,FXX,0,0.0,0,0,0.0,0,0,0,0.0,0.5,1,P1_CV0,1,1,1,2,0
4,2.0,2.0,Age0_F4_m4f4_P4_Y4_UO137,RD4_F3_m4f4_P4_Y2_UO205,RD4_F4_m3f3_P3_Y2_UO99,FXX,0,0.0,0,0,0.0,0,0,0,0.0,0.5,1,P1_CV0,1,1,1,0,2
4,2.0,2.0,Age0_F4_m4f4_P4_Y4_UO138,RD4_F3_m4f4_P4_Y2_UO205,RD4_F4_m3f3_P3_Y2_UO99,FXX,0,0.0,0,0,0.0,0,0,0,0.0,0.5,1,P1_CV0,1,1,1,0,2
4,2.0,2.0,Age0_F4_m4f4_P4_Y4_UO139,RD4_F3_m4f4_P4_Y2_UO205,RD4_F4_m3f3_P3_Y2_UO99,FXX,0,0.0,0,0,0.0,0,0,0,0.0,0.5,1,P1_CV0,1,1,1,1,1
4,2.0,2.0,Age0_F4_m4f4_P4_Y4_UO142,RD4_F3_m4f4_P4_Y2_UO171,RD4_F2_m2f2_P2_Y2_UO127,FXX,0,0.0,0,0,0.0,0,0,0,0.0,0.75,1,P1_CV0,1,2,0,2,0
4,2.0,2.0,Age0_F4_m4f4_P4_Y4_UO143,RD4_F3_m4f4_P4_Y2_UO171,RD4_F2_m2f2_P2_Y2_UO127,MXY,0,0.0,0,0,0.0,0,0,0,0.0,0.75,1,P1_CV0,1,2,0,1,1
4,2.0,2.0,Age0_F4_m4f4_P4_Y4_UO144,RD4_F3_m4f4_P4_Y2_UO171,RD4_F2_m2f2_P2_Y2_UO127,FXX,0,0.0,0,0,0.0,0,0,0,0.0,0.75,1,P1_CV0,1,2,0,1,1
4,2.0,2.0,Age0_F4_m4f4_P4_Y4_UO145,RD4_F3_m4f4_P4_Y2_UO171,RD4_F2_m2f2_P2_Y2_UO127,FXX,0,0.0,0,0,0.0,0,0,0,0.0,0.75,1,P1_CV0,1,2,0,2,0
4,2.0,2.0,Age0_F4_m4f4_P4_Y4_UO146,RD4_F3_m4f4_P4_Y2_UO171,RD4_F2_m2f2_P2_Y2_UO127,FXX,0,0.0,0,0,0.0,0,0,0,0.0,0.75,1,P1_CV0,1,2,0,1,1
4,2.0,2.0,Age0_F4_m4f4_P4_Y4_UO147,RD4_F3_m4f4_P4_Y2_UO171,RD4_F2_m2f2_P2_Y2_UO127,FXX,0,0.0,0,0,0.0,0,0,0,0.0,0.75,1,P1_CV0,1,2,0,1,1
4,2.0,2.0,Age0_F4_m4f4_P4_Y4_UO148,RD4_F3_m4f4_P4_Y2_UO171,RD4_F2_m2f2_P2_Y2_UO127,FXX,0,0.0,0,0,0.0,0,0,0,0.0,0.75,1,P1_CV0,1,2,0,2,0
4,2.0,2.0,Age0_F4_m4f4_P4_Y4_UO149,RD4_F3_m4f4_P4_Y2_UO171,RD4_F2_m2f2_P2_Y2_UO127,MXY,0,0.0,0,0,0.0,0,0,0,0.0,0.75,1,P1_CV0,1,2,0,2,0
4,2.0,2.0,R4_F4_m2f2_P2_Y3_UO95,RD2_F1_m2f2_P2_Y1_UO159,RD2_F4_m2f2_P2_Y0_UO264,MXY,1,0.0,1,1,0.0,0,0,0,-9999.0,0.375,1,P1_CV0,1,1,1,0,2
4,2.0,2.0,R4_F4_m2f2_P2_Y3_UO214,RD2_F4_m3f3_P3_Y1_UO81,RD2_F4_m2f2_P2_Y0_UO264,FXX,1,0.0,1,1,1.0,0,0,0,-9999.0,0.625,1,P1_CV0,1,2,0,1,1
4,2.0,2.0,R4_F4_m2f2_P2_Y3_UO212,RD2_F4_m3f3_P3_Y1_UO81,RD2_F4_m2f2_P2_Y0_UO264,MXY,1,0.0,1,1,0.0,0,0,0,-9999.0,0.625,1,P1_CV0,1,1,1,1,1
4,2.0,2.0,R4_F4_m4f4_P4_Y2_UO205,RD4_F4_m2f2_P2_Y0_UO121,RD4_F4_m3f3_P3_Y0_UO170,FXX,2,0.0,1,0,1.0,0,0,0,-9999.0,0.625,1,P1_CV0,1,2,0,1,1
4,2.0,2.0,R4_F4_m4f4_P4_Y2_UO144,RD4_F4_m3f3_P3_Y0_UO42,RD4_F4_m-1f-1_P2_Y-1_U24,MXY,2,0.0,1,0,0.0,0,0,0,-9999.0,0.375,1,P1_CV0,1,1,1,2,0
4,2.0,2.0,R4_F4_m1f1_P1_Y2_UO223,RD1_F1_m2f2_P2_Y0_UO179,RD1_F1_m3f3_P3_Y0_UO37,FXX,2,0.0,1,0,1.0,0,0,0,-9999.0,0.625,1,P1_CV0,1,1,1,2,0
4,2.0,2.0,Age0_F4_m4f4_P4_Y4_UO14,RD4_F4_m3f3_P3_Y2_UO106,RD4_F4_m3f3_P3_Y1_UO99,MXY,0,0.0,0,0,0.0,0,0,0,0.0,0.3125,1,P2_CV0,1,0,2,2,0
4,2.0,2.0,Age0_F4_m4f4_P4_Y4_UO15,RD4_F4_m3f3_P3_Y2_UO106,RD4_F4_m3f3_P3_Y1_UO99,MXY,0,0.0,0,0,0.0,0,0,0,0.0,0.3125,1,P2_CV0,1,0,2,1,1
4,2.0,2.0,Age0_F4_m4f4_P4_Y4_UO16,RD4_F4_m3f3_P3_Y2_UO106,RD4_F4_m3f3_P3_Y1_UO99,FXX,0,0.0,0,0,0.0,0,0,0,0.0,0.3125,1,P2_CV0,1,0,2,1,1
4,2.0,2.0,Age0_F4_m4f4_P4_Y4_UO70,RD4_F3_m1f1_P1_Y2_UO253,RD4_F2_m1f1_P1_Y2_UO220,MXY,0,0.0,0,0,0.0,0,0,0,0.0,0.6875,1,P2_CV0,1,2,0,0,2
4,2.0,2.0,Age0_F4_m4f4_P4_Y4_UO71,RD4_F3_m1f1_P1_Y2_UO253,RD4_F2_m1f1_P1_Y2_UO220,FXX,0,0.0,0,0,0.0,0,0,0,0.0,0.6875,1,P2_CV0,1,2,0,1,1
4,2.0,2.0,Age0_F4_m4f4_P4_Y4_UO72,RD4_F3_m1f1_P1_Y2_UO253,RD4_F2_m1f1_P1_Y2_UO220,MXY,0,0.0,0,0,0.0,0,0,0,0.0,0.6875,1,P2_CV0,1,2,0,1,1
4,2.0,2.0,Age0_F4_m4f4_P4_Y4_UO73,RD4_F3_m1f1_P1_Y2_UO253,RD4_F2_m1f1_P1_Y2_UO220,FXX,0,0.0,0,0,0.0,0,0,0,0.0,0.6875,1,P2_CV0,1,1,1,0,2
4,2.0,2.0,Age0_F4_m4f4_P4_Y4_UO74,RD4_F3_m1f1_P1_Y2_UO253,RD4_F2_m1f1_P1_Y2_UO220,MXY,0,0.0,0,0,0.0,0,0,0,0.0,0.6875,1,P2_CV0,1,2,0,0,2
4,2.0,2.0,Age0_F4_m4f4_P4_Y4_UO75,RD4_F3_m1f1_P1_Y2_UO253,RD4_F2_m1f1_P1_Y2_UO220,MXY,0,0.0,0,0,0.0,0,0,0,0.0,0.6875,1,P2_CV0,1,2,0,1,1
4,2.0,2.0,Age0_F4_m4f4_P4_Y4_UO76,RD4_F3_m1f1_P1_Y2_UO253,RD4_F2_m1f1_P1_Y2_UO220,FXX,0,0.0,0,0,0.0,0,0,0,0.0,0.6875,1,P2_CV0,1,1,1,1,1
4,2.0,2.0,Age0_F4_m4f4_P4_Y4_UO91,RD4_F2_m4f4_P4_Y2_UO88,RD4_F2_m1f1_P1_Y2_UO220,FXX,0,0.0,0,0,0.0,0,0,0,0.0,0.4375,1,P2_CV0,1,2,0,2,0
4,2.0,2.0,Age0_F4_m4f4_P4_Y4_UO92,RD4_F2_m4f4_P4_Y2_UO88,RD4_F2_m1f1_P1_Y2_UO220,MXY,0,0.0,0,0,0.0,0,0,0,0.0,0.4375,1,P2_CV0,1,2,0,2,0
4,2.0,2.0,Age0_F4_m4f4_P4_Y4_UO94,RD4_F2_m4f4_P4_Y2_UO88,RD4_F2_m1f1_P1_Y2_UO220,MXY,0,0.0,0,0,0.0,0,0,0,0.0,0.4375,1,P2_CV0,1,2,0,1,1
4,2.0,2.0,Age0_F4_m4f4_P4_Y4_UO150,RD4_F3_m1f1_P1_Y2_UO253,RD4_F4_m3f3_P3_Y2_UO19,FXX,0,0.0,0,0,0.0,0,0,0,0.0,0.6875,1,P2_CV0,1,1,1,0,2
4,2.0,2.0,Age0_F4_m4f4_P4_Y4_UO151,RD4_F3_m1f1_P1_Y2_UO253,RD4_F4_m3f3_P3_Y2_UO19,MXY,0,0.0,0,0,0.0,0,0,0,0.0,0.6875,1,P2_CV0,1,2,0,1,1
4,2.0,2.0,Age0_F4_m4f4_P4_Y4_UO152,RD4_F3_m1f1_P1_Y2_UO253,RD4_F4_m3f3_P3_Y2_UO19,FXX,0,0.0,0,0,0.0,0,0,0,0.0,0.6875,1,P2_CV0,1,2,0,0,2
4,2.0,2.0,Age0_F4_m4f4_P4_Y4_UO153,RD4_F3_m1f1_P1_Y2_UO253,RD4_F4_m3f3_P3_Y2_UO19,MXY,0,0.0,0,0,0.0,0,0,0,0.0,0.6875,1,P2_CV0,1,1,1,0,2
4,2.0,2.0,Age0_F4_m4f4_P4_Y4_UO154,RD4_F3_m1f1_P1_Y2_UO253,RD4_F4_m3f3_P3_Y2_UO19,FXX,0,0.0,0,0,0.0,0,0,0,0.0,0.6875,1,P2_CV0,1,1,1,1,1
4,2.0,2.0,Age0_F4_m4f4_P4_Y4_UO155,RD4_F3_m1f1_P1_Y2_UO253,RD4_F4_m3f3_P3_Y2_UO19,MXY,0,0.0,0,0,0.0,0,0,0,0.0,0.6875,1,P2_CV0,1,1,1,1,1
4,2.0,2.0,Age0_F4_m4f4_P4_Y4_UO156,RD4_F3_m1f1_P1_Y2_UO253,RD4_F4_m3f3_P3_Y2_UO19,MXY,0,0.0,0,0,0.0,0,0,0,0.0,0.6875,1,P2_CV0,1,2,0,1,1
4,2.0,2.0,Age0_F4_m4f4_P4_Y4_UO157,RD4_F3_m1f1_P1_Y2_UO253,RD4_F4_m3f3_P3_Y2_UO19,MXY,0,0.0,0,0,0.0,0,0,0,0.0,0.6875,1,P2_CV0,1,2,0,1,1
4,2.0,2.0,Age0_F4_m4f4_P4_Y4_UO158,RD4_F3_m1f1_P1_Y2_UO253,RD4_F4_m3f3_P3_Y2_UO19,MXY,0,0.0,0,0,0.0,0,0,0,0.0,0.6875,1,P2_CV0,1,1,1,0,2
4,2.0,2.0,Age0_F4_m4f4_P4_Y4_UO176,RD4_F4_m3f3_P3_Y2_UO106,RD4_F2_m2f2_P2_Y2_UO227,FXX,0,0.0,0,0,0.0,0,0,0,0.0,0.4375,1,P2_CV0,1,0,2,2,0
4,2.0,2.0,Age0_F4_m4f4_P4_Y4_UO177,RD4_F4_m3f3_P3_Y2_UO106,RD4_F2_m2f2_P2_Y2_UO227,FXX,0,0.0,0,0,0.0,0,0,0,0.0,0.4375,1,P2_CV0,1,0,2,2,0
4,2.0,2.0,Age0_F4_m4f4_P4_Y4_UO178,RD4_F4_m3f3_P3_Y2_UO106,RD4_F2_m2f2_P2_Y2_UO227,MXY,0,0.0,0,0,0.0,0,0,0,0.0,0.4375,1,P2_CV0,1,0,2,1,1
4,2.0,2.0,Age0_F4_m4f4_P4_Y4_UO180,RD4_F4_m3f3_P3_Y2_UO106,RD4_F2_m2f2_P2_Y2_UO227,MXY,0,0.0,0,0,0.0,0,0,0,0.0,0.4375,1,P2_CV0,1,1,1,2,0
4,2.0,2.0,Age0_F4_m4f4_P4_Y4_UO229,RD4_F3_m3f3_P3_Y2_UO55,RD4_F4_m2f2_P2_Y2_UO279,MXY,0,0.0,0,0,0.0,0,0,0,0.0,0.4375,1,P2_CV0,1,0,2,1,1
4,2.0,2.0,Age0_F4_m4f4_P4_Y4_UO233,RD4_F3_m3f3_P3_Y2_UO55,RD4_F4_m2f2_P2_Y2_UO279,FXX,0,0.0,0,0,0.0,0,0,0,0.0,0.4375,1,P2_CV0,1,0,2,0,2
4,2.0,2.0,R4_F4_m2f2_P2_Y3_UO213,RD2_F4_m3f3_P3_Y1_UO81,RD2_F4_m2f2_P2_Y0_UO264,MXY,1,0.0,1,1,0.0,0,0,0,-9999.0,0.625,1,P2_CV0,1,2,0,1,1
4,2.0,2.0,R4_F4_m2f2_P2_Y3_UO225,RD2_F4_m3f3_P3_Y1_UO81,RD2_F4_m2f2_P2_Y0_UO264,FXX,1,0.0,1,1,1.0,0,0,0,-9999.0,0.625,1,P2_CV0,1,2,0,1,1
4,2.0,2.0,R4_F4_m3f3_P3_Y2_UO19,RD3_F4_m3f3_P3_Y0_UO137,RD3_F3_m-1f-1_P3_Y-1_U22,MXY,2,0.0,1,0,0.0,0,0,0,-9999.0,0.625,1,P2_CV0,1,2,0,1,1
4,2.0,2.0,Age0_F4_m4f4_P4_Y4_UO13,RD4_F4_m3f3_P3_Y2_UO106,RD4_F4_m3f3_P3_Y1_UO99,MXY,0,0.0,0,0,0.0,0,0,0,0.0,0.3125,1,P3_CV0,1,0,2,0,2
4,2.0,2.0,Age0_F4_m4f4_P4_Y4_UO140,RD4_F3_m4f4_P4_Y2_UO205,RD4_F4_m3f3_P3_Y2_UO99,FXX,0,0.0,0,0,0.0,0,0,0,0.0,0.5,1,P3_CV0,1,1,1,1,1
4,2.0,2.0,Age0_F4_m4f4_P4_Y4_UO141,RD4_F3_m4f4_P4_Y2_UO205,RD4_F4_m3f3_P3_Y2_UO99,MXY,0,0.0,0,0,0.0,0,0,0,0.0,0.5,1,P3_CV0,1,1,1,0,2
4,2.0,2.0,Age0_F4_m4f4_P4_Y4_UO179,RD4_F4_m3f3_P3_Y2_UO106,RD4_F2_m2f2_P2_Y2_UO227,FXX,0,0.0,0,0,0.0,0,0,0,0.0,0.4375,1,P3_CV0,1,1,1,1,1
4,2.0,2.0,R4_F4_m2f2_P2_Y3_UO106,RD2_F1_m2f2_P2_Y1_UO159,RD2_F4_m2f2_P2_Y0_UO264,FXX,1,0.0,1,1,1.0,0,0,0,-9999.0,0.375,1,P3_CV0,1,1,1,0,2
4,2.0,2.0,R4_F4_m3f3_P3_Y3_UO57,RD3_F4_m3f3_P3_Y1_UO42,RD3_F1_m2f2_P2_Y1_UO250,FXX,1,0.0,1,1,1.0,0,0,0,-9999.0,0.875,1,P3_CV0,1,1,1,1,1
4,2.0,2.0,R4_F4_m3f3_P3_Y3_UO147,RD3_F3_m4f4_P4_Y1_UO240,RD3_F1_m2f2_P2_Y1_UO250,MXY,1,0.0,1,1,0.0,0,0,0,-9999.0,0.75,1,P3_CV0,1,2,0,1,1
4,2.0,2.0,R4_F4_m4f4_P4_Y3_UO39,RD4_F4_m3f3_P3_Y1_UO36,RD4_F3_m3f3_P3_Y1_UO99,MXY,1,0.0,1,1,0.0,0,0,0,-9999.0,0.625,1,P3_CV0,1,1,1,1,1
4,2.0,2.0,R4_F4_m4f4_P4_Y3_UO73,RD4_F2_m2f2_P2_Y1_UO56,RD4_F3_m3f3_P3_Y1_UO43,MXY,1,0.0,1,1,0.0,0,0,0,-9999.0,0.625,1,P3_CV0,1,1,1,1,1
4,2.0,2.0,R4_F4_m4f4_P4_Y3_UO161,RD4_F3_m1f1_P1_Y1_UO156,RD4_F3_m4f4_P4_Y0_UO272,MXY,1,0.0,1,1,0.0,0,0,0,-9999.0,0.75,1,P3_CV0,1,2,0,0,2
4,2.0,2.0,R4_F4_m2f2_P2_Y3_UO96,RD2_F1_m2f2_P2_Y1_UO159,RD2_F4_m2f2_P2_Y0_UO264,MXY,1,0.0,1,1,0.0,0,0,0,-9999.0,0.375,1,P3_CV0,1,1,1,0,2
4,2.0,2.0,R4_F4_m3f3_P3_Y3_UO149,RD3_F3_m4f4_P4_Y1_UO240,RD3_F1_m2f2_P2_Y1_UO250,FXX,1,0.0,1,1,1.0,0,0,0,-9999.0,0.75,1,P3_CV0,1,1,1,1,1
4,2.0,2.0,R4_F4_m2f2_P2_Y2_UO227,RD2_F4_m4f4_P4_Y0_UO93,RD2_F1_m2f2_P2_Y0_UO178,MXY,2,0.0,1,0,0.0,0,0,0,-9999.0,0.5,1,P3_CV0,1,1,1,2,0
4,2.0,2.0,R4_F4_m4f4_P4_Y2_UO163,RD4_F4_m2f2_P2_Y0_UO121,RD4_F3_m-1f-1_P4_Y-1_U52,MXY,2,0.0,1,0,0.0,0,0,0,-9999.0,0.5,1,P3_CV0,1,1,1,2,0
