PatchID,XCOORD,YCOORD,ID,MID,FID,sex,age,size,mature,newmature,layeggs,capture,recapture,state,CDist,Hindex,Species,ClassFile,SubPatchID,L0A0,L0A1,L1A0,L1A1
1,1.0,1.0,R1_F1_m1f1_P1_Y30_UO0,RD1_F2_m2f2_P2_Y28_UO51,RD1_F3_m3f3_P3_Y28_UO313,MXY,1,0.0,0,0,0.0,0,0,0,-9999.0,0.5022506713867188,1,P0_CV0,1,2,0,2,0
1,1.0,1.0,R1_F1_m1f1_P1_Y30_UO2,RD1_F2_m2f2_P2_Y28_UO51,RD1_F3_m3f3_P3_Y28_UO313,FXX,1,0.0,0,0,0.0,0,0,0,-9999.0,0.5022506713867188,1,P0_CV0,1,2,0,2,0
1,1.0,1.0,R1_F1_m1f1_P1_Y30_UO25,RD1_F3_m3f3_P3_Y28_UO303,RD1_F2_m2f2_P2_Y28_UO60,FXX,1,0.0,0,0,0.0,0,0,0,-9999.0,0.49996185302734375,1,P0_CV0,1,0,2,1,1
1,1.0,1.0,R1_F1_m1f1_P1_Y30_UO26,RD1_F3_m3f3_P3_Y28_UO303,RD1_F2_m2f2_P2_Y28_UO60,MXY,1,0.0,0,0,0.0,0,0,0,-9999.0,0.49996185302734375,1,P0_CV0,1,1,1,1,1
1,1.0,1.0,R1_F1_m1f1_P1_Y30_UO52,RD1_F2_m2f2_P2_Y28_UO147,RD1_F1_m1f1_P1_Y28_UO18,MXY,1,0.0,0,0,0.0,0,0,0,-9999.0,0.501983642578125,1,P0_CV0,1,0,2,0,2
1,1.0,1.0,R1_F1_m1f1_P1_Y30_UO58,RD1_F2_m2f2_P2_Y28_UO314,RD1_F3_m3f3_P3_Y28_UO187,FXX,1,0.0,0,0,0.0,0,0,0,-9999.0,0.5007400512695312,1,P0_CV0,1,2,0,2,0
1,1.0,1.0,R1_F1_m1f1_P1_Y30_UO59,RD1_F2_m2f2_P2_Y28_UO314,RD1_F3_m3f3_P3_Y28_UO187,MXY,1,0.0,0,0,0.0,0,0,0,-9999.0,0.5007400512695312,1,P0_CV0,1,2,0,2,0
1,1.0,1.0,R1_F1_m1f1_P1_Y30_UO60,RD1_F2_m2f2_P2_Y28_UO314,RD1_F3_m3f3_P3_Y28_UO187,FXX,1,0.0,0,0,0.0,0,0,0,-9999.0,0.5007400512695312,1,P0_CV0,1,2,0,2,0
1,1.0,1.0,R1_F1_m1f1_P1_Y30_UO61,RD1_F2_m2f2_P2_Y28_UO314,RD1_F3_m3f3_P3_Y28_UO187,MXY,1,0.0,0,0,0.0,0,0,0,-9999.0,0.5007400512695312,1,P0_CV0,1,2,0,2,0
1,1.0,1.0,R1_F1_m1f1_P1_Y30_UO63,RD1_F3_m3f3_P3_Y28_UO108,RD1_F3_m3f3_P3_Y28_UO176,FXX,1,0.0,0,0,0.0,0,0,0,-9999.0,0.49993133544921875,1,P0_CV0,1,1,1,1,1
1,1.0,1.0,R1_F1_m1f1_P1_Y30_UO65,RD1_F3_m3f3_P3_Y28_UO64,RD1_F1_m1f1_P1_Y28_UO121,MXY,1,0.0,0,0,0.0,0,0,0,-9999.0,0.5007476806640625,1,P0_CV0,1,1,1,2,0
1,1.0,1.0,R1_F1_m1f1_P1_Y30_UO67,RD1_F3_m3f3_P3_Y28_UO64,RD1_F1_m1f1_P1_Y28_UO121,MXY,1,0.0,0,0,0.0,0,0,0,-9999.0,0.5007476806640625,1,P0_CV0,1,1,1,2,0
1,1.0,1.0,R1_F1_m1f1_P1_Y30_UO69,RD1_F3_m3f3_P3_Y28_UO181,RD1_F2_m2f2_P2_Y28_UO142,FXX,1,0.0,0,0,0.0,0,0,0,-9999.0,0.5001983642578125,1,P0_CV0,1,1,1,1,1
1,1.0,1.0,R1_F1_m1f1_P1_Y30_UO128,RD1_F3_m3f3_P3_Y28_UO202,RD1_F3_m3f3_P3_Y28_UO9,MXY,1,0.0,0,0,0.0,0,0,0,-9999.0,0.5001907348632812,1,P0_CV0,1,2,0,2,0
1,1.0,1.0,R1_F1_m1f1_P1_Y30_UO129,RD1_F3_m3f3_P3_Y28_UO202,RD1_F3_m3f3_P3_Y28_UO9,FXX,1,0.0,0,0,0.0,0,0,0,-9999.0,0.5001907348632812,1,P0_CV0,1,0,2,2,0
1,1.0,1.0,R1_F1_m1f1_P1_Y30_UO161,RD1_F3_m3f3_P3_Y28_UO3,RD1_F3_m3f3_P3_Y28_UO71,MXY,1,0.0,0,0,0.0,0,0,0,-9999.0,0.5027313232421875,1,P0_CV0,1,0,2,2,0
1,1.0,1.0,R1_F1_m1f1_P1_Y30_UO162,RD1_F3_m3f3_P3_Y28_UO3,RD1_F3_m3f3_P3_Y28_UO71,MXY,1,0.0,0,0,0.0,0,0,0,-9999.0,0.5027313232421875,1,P0_CV0,1,0,2,1,1
1,1.0,1.0,R1_F1_m1f1_P1_Y30_UO163,RD1_F3_m3f3_P3_Y28_UO3,RD1_F3_m3f3_P3_Y28_UO71,FXX,1,0.0,0,0,0.0,0,0,0,-9999.0,0.5027313232421875,1,P0_CV0,1,0,2,2,0
1,1.0,1.0,R1_F1_m1f1_P1_Y30_UO164,RD1_F3_m3f3_P3_Y28_UO64,RD1_F3_m3f3_P3_Y28_UO125,FXX,1,0.0,0,0,0.0,0,0,0,-9999.0,0.5004730224609375,1,P0_CV0,1,0,2,1,1
1,1.0,1.0,R1_F1_m1f1_P1_Y30_UO165,RD1_F3_m3f3_P3_Y28_UO64,RD1_F3_m3f3_P3_Y28_UO125,MXY,1,0.0,0,0,0.0,0,0,0,-9999.0,0.5004730224609375,1,P0_CV0,1,0,2,1,1
1,1.0,1.0,R1_F1_m1f1_P1_Y30_UO166,RD1_F3_m3f3_P3_Y28_UO64,RD1_F3_m3f3_P3_Y28_UO125,MXY,1,0.0,0,0,0.0,0,0,0,-9999.0,0.5004730224609375,1,P0_CV0,1,0,2,1,1
1,1.0,1.0,R1_F1_m1f1_P1_Y30_UO177,RD1_F3_m3f3_P3_Y28_UO153,RD1_F3_m3f3_P3_Y28_UO125,MXY,1,0.0,0,0,0.0,0,0,0,-9999.0,0.5007705688476562,1,P0_CV0,1,1,1,0,2
1,1.0,1.0,R1_F1_m1f1_P1_Y30_UO191,RD1_F1_m1f1_P1_Y28_UO223,RD1_F2_m2f2_P2_Y28_UO145,FXX,1,0.0,0,0,0.0,0,0,0,-9999.0,0.5008392333984375,1,P0_CV0,1,1,1,1,1
1,1.0,1.0,R1_F1_m1f1_P1_Y30_UO192,RD1_F1_m1f1_P1_Y28_UO223,RD1_F2_m2f2_P2_Y28_UO145,MXY,1,0.0,0,0,0.0,0,0,0,-9999.0,0.5008392333984375,1,P0_CV0,1,1,1,1,1
1,1.0,1.0,R1_F1_m1f1_P1_Y30_UO193,RD1_F1_m1f1_P1_Y28_UO223,RD1_F2_m2f2_P2_Y28_UO145,MXY,1,0.0,0,0,0.0,0,0,0,-9999.0,0.5008392333984375,1,P0_CV0,1,1,1,1,1
1,1.0,1.0,R1_F1_m1f1_P1_Y30_UO216,RD1_F1_m1f1_P1_Y28_UO200,RD1_F3_m3f3_P3_Y28_UO292,FXX,1,0.0,0,0,0.0,0,0,0,-9999.0,0.5006942749023438,1,P0_CV0,1,2,0,1,1
1,1.0,1.0,R1_F1_m1f1_P1_Y30_UO217,RD1_F1_m1f1_P1_Y28_UO200,RD1_F3_m3f3_P3_Y28_UO292,FXX,1,0.0,0,0,0.0,0,0,0,-9999.0,0.5006942749023438,1,P0_CV0,1,2,0,2,0
1,1.0,1.0,R1_F1_m1f1_P1_Y30_UO219,RD1_F1_m1f1_P1_Y28_UO200,RD1_F3_m3f3_P3_Y28_UO292,MXY,1,0.0,0,0,0.0,0,0,0,-9999.0,0.5006942749023438,1,P0_CV0,1,2,0,2,0
1,1.0,1.0,R1_F1_m1f1_P1_Y30_UO226,RD1_F2_m2f2_P2_Y28_UO51,RD1_F3_m3f3_P3_Y28_UO176,MXY,1,0.0,0,0,0.0,0,0,0,-9999.0,0.5009689331054688,1,P0_CV0,1,1,1,1,1
1,1.0,1.0,R1_F1_m1f1_P1_Y30_UO231,RD1_F1_m1f1_P1_Y28_UO16,RD1_F2_m2f2_P2_Y28_UO142,MXY,1,0.0,0,0,0.0,0,0,0,-9999.0,0.50201416015625,1,P0_CV0,1,1,1,0,2
1,1.0,1.0,R1_F1_m1f1_P1_Y30_UO233,RD1_F1_m1f1_P1_Y28_UO16,RD1_F2_m2f2_P2_Y28_UO142,MXY,1,0.0,0,0,0.0,0,0,0,-9999.0,0.50201416015625,1,P0_CV0,1,1,1,1,1
1,1.0,1.0,R1_F1_m1f1_P1_Y30_UO244,RD1_F3_m3f3_P3_Y28_UO108,RD1_F3_m3f3_P3_Y28_UO125,FXX,1,0.0,0,0,0.0,0,0,0,-9999.0,0.5007858276367188,1,P0_CV0,1,1,1,0,2
1,1.0,1.0,R1_F1_m1f1_P1_Y30_UO245,RD1_F3_m3f3_P3_Y28_UO108,RD1_F3_m3f3_P3_Y28_UO125,FXX,1,0.0,0,0,0.0,0,0,0,-9999.0,0.5007858276367188,1,P0_CV0,1,1,1,1,1
1,1.0,1.0,R1_F1_m1f1_P1_Y30_UO246,RD1_F3_m3f3_P3_Y28_UO108,RD1_F3_m3f3_P3_Y28_UO125,MXY,1,0.0,0,0,0.0,0,0,0,-9999.0,0.5007858276367188,1,P0_CV0,1,1,1,1,1
1,1.0,1.0,R1_F1_m1f1_P1_Y30_UO247,RD1_F3_m3f3_P3_Y28_UO108,RD1_F3_m3f3_P3_Y28_UO125,FXX,1,0.0,0,0,0.0,0,0,0,-9999.0,0.5007858276367188,1,P0_CV0,1,1,1,1,1
1,1.0,1.0,R1_F1_m1f1_P1_Y30_UO269,RD1_F1_m1f1_P1_Y28_UO16,RD1_F3_m3f3_P3_Y28_UO1,MXY,1,0.0,0,0,0.0,0,0,0,-9999.0,0.5009078979492188,1,P0_CV0,1,1,1,1,1
1,1.0,1.0,R1_F1_m1f1_P1_Y30_UO329,RD1_F1_m1f1_P1_Y28_UO200,RD1_F3_m3f3_P3_Y28_UO201,FXX,1,0.0,0,0,0.0,0,0,0,-9999.0,0.49965667724609375,1,P0_CV0,1,1,1,2,0
1,1.0,1.0,R1_F1_m1f1_P1_Y30_UO331,RD1_F1_m1f1_P1_Y28_UO200,RD1_F3_m3f3_P3_Y28_UO201,MXY,1,0.0,0,0,0.0,0,0,0,-9999.0,0.49965667724609375,1,P0_CV0,1,1,1,2,0
1,1.0,1.0,R1_F1_m1f1_P1_Y30_UO332,RD1_F2_m2f2_P2_Y28_UO61,RD1_F3_m3f3_P3_Y28_UO71,MXY,1,0.0,0,0,0.0,0,0,0,-9999.0,0.5022735595703125,1,P0_CV0,1,1,1,2,0
1,1.0,1.0,R1_F1_m1f1_P1_Y30_UO333,RD1_F2_m2f2_P2_Y28_UO61,RD1_F3_m3f3_P3_Y28_UO71,MXY,1,0.0,0,0,0.0,0,0,0,-9999.0,0.5022735595703125,1,P0_CV0,1,1,1,2,0
1,1.0,1.0,R1_F1_m1f1_P1_Y30_UO334,RD1_F2_m2f2_P2_Y28_UO61,RD1_F3_m3f3_P3_Y28_UO71,MXY,1,0.0,0,0,0.0,0,0,0,-9999.0,0.5022735595703125,1,P0_CV0,1,1,1,2,0
1,1.0,1.0,R1_F1_m1f1_P1_Y30_UO338,RD1_F3_m3f3_P3_Y28_UO124,RD1_F3_m3f3_P3_Y28_UO9,FXX,1,0.0,0,0,0.0,0,0,0,-9999.0,0.50177001953125,1,P0_CV0,1,1,1,1,1
1,1.0,1.0,R1_F1_m1f1_P1_Y30_UO339,RD1_F3_m3f3_P3_Y28_UO124,RD1_F3_m3f3_P3_Y28_UO9,MXY,1,0.0,0,0,0.0,0,0,0,-9999.0,0.50177001953125,1,P0_CV0,1,1,1,1,1
1,1.0,1.0,R1_F1_m1f1_P1_Y30_UO340,RD1_F3_m3f3_P3_Y28_UO124,RD1_F3_m3f3_P3_Y28_UO9,FXX,1,0.0,0,0,0.0,0,0,0,-9999.0,0.50177001953125,1,P0_CV0,1,2,0,1,1
1,1.0,1.0,RD1_F1_m1f1_P1_Y29_UO38,RD1_F2_m2f2_P2_Y27_UO60,R1_F1_m2f2_P2_Y26_UO2,MXY,2,0.0,1,0,0.0,0,0,0,-9999.0,0.499664306640625,1,P0_CV0,1,1,1,0,2
1,1.0,1.0,R1_F1_m3f3_P3_Y28_UO124,RD3_F1_m1f1_P1_Y26_UO305,RD3_F4_m4f4_P4_Y26_UO52,FXX,3,0.0,1,0,1.0,0,0,0,-9999.0,0.501922607421875,1,P0_CV0,1,1,1,0,2
1,1.0,1.0,R1_F1_m1f1_P1_Y30_UO53,RD1_F2_m2f2_P2_Y28_UO147,RD1_F1_m1f1_P1_Y28_UO18,FXX,1,0.0,0,0,0.0,0,0,0,-9999.0,0.501983642578125,1,P1_CV0,1,2,0,1,1
1,1.0,1.0,R1_F1_m1f1_P1_Y30_UO54,RD1_F2_m2f2_P2_Y28_UO147,RD1_F1_m1f1_P1_Y28_UO18,FXX,1,0.0,0,0,0.0,0,0,0,-9999.0,0.501983642578125,1,P1_CV0,1,1,1,0,2
1,1.0,1.0,R1_F1_m1f1_P1_Y30_UO55,RD1_F2_m2f2_P2_Y28_UO147,RD1_F1_m1f1_P1_Y28_UO18,FXX,1,0.0,0,0,0.0,0,0,0,-9999.0,0.501983642578125,1,P1_CV0,1,1,1,1,1
1,1.0,1.0,R1_F1_m1f1_P1_Y30_UO68,RD1_F3_m3f3_P3_Y28_UO181,RD1_F2_m2f2_P2_Y28_UO142,FXX,1,0.0,0,0,0.0,0,0,0,-9999.0,0.5001983642578125,1,P1_CV0,1,1,1,2,0
1,1.0,1.0,R1_F1_m1f1_P1_Y30_UO70,RD1_F3_m3f3_P3_Y28_UO181,RD1_F2_m2f2_P2_Y28_UO142,MXY,1,0.0,0,0,0.0,0,0,0,-9999.0,0.5001983642578125,1,P1_CV0,1,1,1,2,0
1,1.0,1.0,R1_F1_m1f1_P1_Y30_UO125,RD1_F2_m2f2_P2_Y28_UO235,RD1_F2_m2f2_P2_Y28_UO143,FXX,1,0.0,0,0,0.0,0,0,0,-9999.0,0.5005950927734375,1,P1_CV0,1,1,1,1,1
1,1.0,1.0,R1_F1_m1f1_P1_Y30_UO126,RD1_F2_m2f2_P2_Y28_UO235,RD1_F2_m2f2_P2_Y28_UO143,FXX,1,0.0,0,0,0.0,0,0,0,-9999.0,0.5005950927734375,1,P1_CV0,1,0,2,2,0
1,1.0,1.0,R1_F1_m1f1_P1_Y30_UO127,RD1_F3_m3f3_P3_Y28_UO202,RD1_F3_m3f3_P3_Y28_UO9,FXX,1,0.0,0,0,0.0,0,0,0,-9999.0,0.5001907348632812,1,P1_CV0,1,0,2,2,0
1,1.0,1.0,R1_F1_m1f1_P1_Y30_UO137,RD1_F1_m1f1_P1_Y28_UO223,RD1_F1_m1f1_P1_Y28_UO163,FXX,1,0.0,0,0,0.0,0,0,0,-9999.0,0.499847412109375,1,P1_CV0,1,1,1,0,2
1,1.0,1.0,R1_F1_m1f1_P1_Y30_UO138,RD1_F1_m1f1_P1_Y28_UO223,RD1_F1_m1f1_P1_Y28_UO163,FXX,1,0.0,0,0,0.0,0,0,0,-9999.0,0.499847412109375,1,P1_CV0,1,1,1,0,2
1,1.0,1.0,R1_F1_m1f1_P1_Y30_UO218,RD1_F1_m1f1_P1_Y28_UO200,RD1_F3_m3f3_P3_Y28_UO292,FXX,1,0.0,0,0,0.0,0,0,0,-9999.0,0.5006942749023438,1,P1_CV0,1,2,0,1,1
1,1.0,1.0,R1_F1_m1f1_P1_Y30_UO232,RD1_F1_m1f1_P1_Y28_UO16,RD1_F2_m2f2_P2_Y28_UO142,MXY,1,0.0,0,0,0.0,0,0,0,-9999.0,0.50201416015625,1,P1_CV0,1,0,2,1,1
1,1.0,1.0,R1_F1_m1f1_P1_Y30_UO235,RD1_F2_m2f2_P2_Y28_UO51,RD1_F2_m2f2_P2_Y28_UO145,FXX,1,0.0,0,0,0.0,0,0,0,-9999.0,0.5015487670898438,1,P1_CV0,1,0,2,2,0
1,1.0,1.0,R1_F1_m1f1_P1_Y30_UO260,RD1_F1_m1f1_P1_Y28_UO283,RD1_F2_m2f2_P2_Y28_UO142,MXY,1,0.0,0,0,0.0,0,0,0,-9999.0,0.5010528564453125,1,P1_CV0,1,0,2,0,2
1,1.0,1.0,R1_F1_m1f1_P1_Y30_UO261,RD1_F1_m1f1_P1_Y28_UO283,RD1_F2_m2f2_P2_Y28_UO142,FXX,1,0.0,0,0,0.0,0,0,0,-9999.0,0.5010528564453125,1,P1_CV0,1,0,2,1,1
1,1.0,1.0,R1_F1_m1f1_P1_Y30_UO272,RD1_F2_m2f2_P2_Y28_UO147,RD1_F3_m3f3_P3_Y28_UO1,FXX,1,0.0,0,0,0.0,0,0,0,-9999.0,0.5002670288085938,1,P1_CV0,1,1,1,2,0
1,1.0,1.0,R1_F1_m1f1_P1_Y30_UO310,RD1_F2_m2f2_P2_Y28_UO116,RD1_F2_m2f2_P2_Y28_UO23,FXX,1,0.0,0,0,0.0,0,0,0,-9999.0,0.50091552734375,1,P1_CV0,1,1,1,2,0
1,1.0,1.0,R1_F1_m1f1_P1_Y30_UO311,RD1_F2_m2f2_P2_Y28_UO116,RD1_F2_m2f2_P2_Y28_UO23,FXX,1,0.0,0,0,0.0,0,0,0,-9999.0,0.50091552734375,1,P1_CV0,1,1,1,2,0
1,1.0,1.0,R1_F1_m1f1_P1_Y30_UO312,RD1_F2_m2f2_P2_Y28_UO116,RD1_F2_m2f2_P2_Y28_UO23,MXY,1,0.0,0,0,0.0,0,0,0,-9999.0,0.50091552734375,1,P1_CV0,1,0,2,2,0
1,1.0,1.0,R1_F1_m1f1_P1_Y30_UO328,RD1_F1_m1f1_P1_Y28_UO200,RD1_F3_m3f3_P3_Y28_UO201,FXX,1,0.0,0,0,0.0,0,0,0,-9999.0,0.49965667724609375,1,P1_CV0,1,2,0,2,0
1,1.0,1.0,R1_F1_m1f1_P1_Y30_UO330,RD1_F1_m1f1_P1_Y28_UO200,RD1_F3_m3f3_P3_Y28_UO201,MXY,1,0.0,0,0,0.0,0,0,0,-9999.0,0.49965667724609375,1,P1_CV0,1,2,0,2,0
1,1.0,1.0,R1_F1_m1f1_P1_Y30_UO341,RD1_F3_m3f3_P3_Y28_UO124,RD1_F3_m3f3_P3_Y28_UO9,FXX,1,0.0,0,0,0.0,0,0,0,-9999.0,0.50177001953125,1,P1_CV0,1,1,1,1,1
1,1.0,1.0,R1_F1_m1f1_P1_Y30_UO344,RD1_F1_m1f1_P1_Y28_UO149,RD1_F1_m1f1_P1_Y28_UO58,FXX,1,0.0,0,0,0.0,0,0,0,-9999.0,0.499664306640625,1,P1_CV0,1,2,0,1,1
1,1.0,1.0,R1_F1_m1f1_P1_Y30_UO347,RD1_F1_m1f1_P1_Y28_UO149,RD1_F1_m1f1_P1_Y28_UO58,FXX,1,0.0,0,0,0.0,0,0,0,-9999.0,0.499664306640625,1,P1_CV0,1,1,1,1,1
1,1.0,1.0,R1_F1_m1f1_P1_Y30_UO351,RD1_F3_m3f3_P3_Y28_UO153,RD1_F1_m1f1_P1_Y28_UO163,FXX,1,0.0,0,0,0.0,0,0,0,-9999.0,0.49950408935546875,1,P1_CV0,1,0,2,0,2
1,1.0,1.0,R1_F1_m2f2_P2_Y28_UO256,RD2_F1_m1f1_P1_Y26_UO57,RD2_F2_m2f2_P2_Y26_UO49,FXX,3,0.0,1,0,1.0,0,0,0,-9999.0,0.5003814697265625,1,P1_CV0,1,1,1,1,1
1,1.0,1.0,R1_F1_m1f1_P1_Y30_UO23,RD1_F3_m3f3_P3_Y28_UO303,RD1_F2_m2f2_P2_Y28_UO60,FXX,1,0.0,0,0,0.0,0,0,0,-9999.0,0.49996185302734375,1,P2_CV0,1,1,1,1,1
1,1.0,1.0,R1_F1_m1f1_P1_Y30_UO24,RD1_F3_m3f3_P3_Y28_UO303,RD1_F2_m2f2_P2_Y28_UO60,FXX,1,0.0,0,0,0.0,0,0,0,-9999.0,0.49996185302734375,1,P2_CV0,1,0,2,2,0
1,1.0,1.0,R1_F1_m1f1_P1_Y30_UO130,RD1_F2_m2f2_P2_Y28_UO61,RD1_F1_m1f1_P1_Y28_UO18,MXY,1,0.0,0,0,0.0,0,0,0,-9999.0,0.5020675659179688,1,P2_CV0,1,2,0,2,0
1,1.0,1.0,R1_F1_m1f1_P1_Y30_UO131,RD1_F2_m2f2_P2_Y28_UO61,RD1_F1_m1f1_P1_Y28_UO18,MXY,1,0.0,0,0,0.0,0,0,0,-9999.0,0.5020675659179688,1,P2_CV0,1,2,0,1,1
1,1.0,1.0,R1_F1_m1f1_P1_Y30_UO268,RD1_F1_m1f1_P1_Y28_UO16,RD1_F3_m3f3_P3_Y28_UO1,MXY,1,0.0,0,0,0.0,0,0,0,-9999.0,0.5009078979492188,1,P2_CV0,1,2,0,1,1
1,1.0,1.0,R1_F1_m1f1_P1_Y30_UO270,RD1_F1_m1f1_P1_Y28_UO16,RD1_F3_m3f3_P3_Y28_UO1,MXY,1,0.0,0,0,0.0,0,0,0,-9999.0,0.5009078979492188,1,P2_CV0,1,1,1,1,1
1,1.0,1.0,R1_F1_m1f1_P1_Y30_UO271,RD1_F2_m2f2_P2_Y28_UO147,RD1_F3_m3f3_P3_Y28_UO1,MXY,1,0.0,0,0,0.0,0,0,0,-9999.0,0.5002670288085938,1,P2_CV0,1,1,1,2,0
1,1.0,1.0,R1_F1_m1f1_P1_Y30_UO273,RD1_F2_m2f2_P2_Y28_UO147,RD1_F3_m3f3_P3_Y28_UO1,MXY,1,0.0,0,0,0.0,0,0,0,-9999.0,0.5002670288085938,1,P2_CV0,1,1,1,2,0
1,1.0,1.0,R1_F1_m1f1_P1_Y30_UO345,RD1_F1_m1f1_P1_Y28_UO149,RD1_F1_m1f1_P1_Y28_UO58,FXX,1,0.0,0,0,0.0,0,0,0,-9999.0,0.499664306640625,1,P2_CV0,1,1,1,1,1
1,1.0,1.0,R1_F1_m1f1_P1_Y30_UO346,RD1_F1_m1f1_P1_Y28_UO149,RD1_F1_m1f1_P1_Y28_UO58,FXX,1,0.0,0,0,0.0,0,0,0,-9999.0,0.499664306640625,1,P2_CV0,1,1,1,1,1
1,1.0,1.0,R1_F1_m1f1_P1_Y30_UO1,RD1_F2_m2f2_P2_Y28_UO51,RD1_F3_m3f3_P3_Y28_UO313,MXY,1,0.0,0,0,0.0,0,0,0,-9999.0,0.5022506713867188,1,P3_CV0,1,1,1,2,0
1,1.0,1.0,R1_F1_m1f1_P1_Y30_UO234,RD1_F2_m2f2_P2_Y28_UO51,RD1_F2_m2f2_P2_Y28_UO145,FXX,1,0.0,0,0,0.0,0,0,0,-9999.0,0.5015487670898438,1,P3_CV0,1,0,2,2,0
1,1.0,1.0,R1_F1_m1f1_P1_Y30_UO350,RD1_F3_m3f3_P3_Y28_UO153,RD1_F1_m1f1_P1_Y28_UO163,FXX,1,0.0,0,0,0.0,0,0,0,-9999.0,0.49950408935546875,1,P3_CV0,1,0,2,0,2
2,2.0,1.0,R2_F2_m2f2_P2_Y30_UO297,RD2_F2_m2f2_P2_Y28_UO46,RD2_F2_m2f2_P2_Y28_UO144,FXX,1,0.0,0,0,0.0,0,0,0,-9999.0,0.5002670288085938,1,P0_CV0,1,0,2,1,1
2,2.0,1.0,R2_F2_m2f2_P2_Y30_UO299,RD2_F2_m2f2_P2_Y28_UO46,RD2_F2_m2f2_P2_Y28_UO144,MXY,1,0.0,0,0,0.0,0,0,0,-9999.0,0.5002670288085938,1,P0_CV0,1,1,1,2,0
2,2.0,1.0,R2_F2_m2f2_P2_Y30_UO319,RD2_F2_m2f2_P2_Y28_UO30,RD2_F2_m2f2_P2_Y28_UO323,FXX,1,0.0,0,0,0.0,0,0,0,-9999.0,0.5029754638671875,1,P0_CV0,1,1,1,2,0
2,2.0,1.0,R2_F2_m2f2_P2_Y30_UO15,RD2_F1_m1f1_P1_Y28_UO17,RD2_F4_m4f4_P4_Y28_UO75,MXY,1,0.0,0,0,0.0,0,0,0,-9999.0,0.49982452392578125,1,P0_CV0,1,0,2,1,1
2,2.0,1.0,R2_F2_m2f2_P2_Y30_UO186,RD2_F1_m1f1_P1_Y28_UO175,RD2_F2_m2f2_P2_Y28_UO5,MXY,1,0.0,0,0,0.0,0,0,0,-9999.0,0.499237060546875,1,P0_CV0,1,1,1,1,1
2,2.0,1.0,R2_F2_m2f2_P2_Y30_UO187,RD2_F1_m1f1_P1_Y28_UO175,RD2_F2_m2f2_P2_Y28_UO5,FXX,1,0.0,0,0,0.0,0,0,0,-9999.0,0.499237060546875,1,P0_CV0,1,1,1,1,1
2,2.0,1.0,R2_F2_m2f2_P2_Y30_UO320,RD2_F2_m2f2_P2_Y28_UO30,RD2_F2_m2f2_P2_Y28_UO323,FXX,1,0.0,0,0,0.0,0,0,0,-9999.0,0.5029754638671875,1,P0_CV0,1,1,1,2,0
2,2.0,1.0,R2_F2_m2f2_P2_Y30_UO228,RD2_F4_m4f4_P4_Y28_UO130,R2_F2_m4f4_P4_Y26_UO244,FXX,1,0.0,0,0,0.0,0,0,0,-9999.0,0.5005111694335938,1,P0_CV0,1,1,1,1,1
2,2.0,1.0,R2_F2_m2f2_P2_Y30_UO80,RD2_F4_m4f4_P4_Y28_UO137,RD2_F2_m2f2_P2_Y28_UO144,FXX,1,0.0,0,0,0.0,0,0,0,-9999.0,0.5011978149414062,1,P0_CV0,1,1,1,1,1
2,2.0,1.0,R2_F2_m2f2_P2_Y30_UO154,RD2_F1_m1f1_P1_Y28_UO305,RD2_F2_m2f2_P2_Y28_UO49,FXX,1,0.0,0,0,0.0,0,0,0,-9999.0,0.5026397705078125,1,P0_CV0,1,1,1,1,1
2,2.0,1.0,R2_F2_m2f2_P2_Y30_UO81,RD2_F4_m4f4_P4_Y28_UO137,RD2_F2_m2f2_P2_Y28_UO144,FXX,1,0.0,0,0,0.0,0,0,0,-9999.0,0.5011978149414062,1,P0_CV0,1,1,1,2,0
2,2.0,1.0,R2_F2_m2f2_P2_Y30_UO264,RD2_F1_m1f1_P1_Y28_UO175,RD2_F4_m4f4_P4_Y28_UO43,MXY,1,0.0,0,0,0.0,0,0,0,-9999.0,0.5005874633789062,1,P0_CV0,1,2,0,0,2
2,2.0,1.0,R2_F2_m2f2_P2_Y30_UO178,RD2_F1_m1f1_P1_Y28_UO197,RD2_F2_m2f2_P2_Y28_UO144,MXY,1,0.0,0,0,0.0,0,0,0,-9999.0,0.5016098022460938,1,P0_CV0,1,0,2,1,1
2,2.0,1.0,R2_F2_m2f2_P2_Y30_UO230,RD2_F4_m4f4_P4_Y28_UO130,R2_F2_m4f4_P4_Y26_UO244,FXX,1,0.0,0,0,0.0,0,0,0,-9999.0,0.5005111694335938,1,P0_CV0,1,1,1,1,1
2,2.0,1.0,R2_F2_m2f2_P2_Y30_UO155,RD2_F1_m1f1_P1_Y28_UO305,RD2_F2_m2f2_P2_Y28_UO49,FXX,1,0.0,0,0,0.0,0,0,0,-9999.0,0.5026397705078125,1,P0_CV0,1,0,2,1,1
2,2.0,1.0,R2_F2_m2f2_P2_Y30_UO87,RD2_F2_m2f2_P2_Y28_UO20,RD2_F4_m4f4_P4_Y28_UO43,MXY,1,0.0,0,0,0.0,0,0,0,-9999.0,0.5022506713867188,1,P0_CV0,1,1,1,1,1
2,2.0,1.0,R2_F2_m2f2_P2_Y30_UO28,RD2_F1_m1f1_P1_Y28_UO210,RD2_F4_m4f4_P4_Y28_UO96,FXX,1,0.0,0,0,0.0,0,0,0,-9999.0,0.5005722045898438,1,P0_CV0,1,0,2,1,1
2,2.0,1.0,R2_F2_m2f2_P2_Y30_UO152,RD2_F1_m1f1_P1_Y28_UO175,R2_F2_m2f2_P2_Y27_UO51,FXX,1,0.0,0,0,0.0,0,0,0,-9999.0,0.49945068359375,1,P0_CV0,1,2,0,1,1
2,2.0,1.0,R2_F2_m2f2_P2_Y30_UO343,RD2_F1_m1f1_P1_Y28_UO259,RD2_F2_m2f2_P2_Y28_UO5,FXX,1,0.0,0,0,0.0,0,0,0,-9999.0,0.5000991821289062,1,P0_CV0,1,0,2,2,0
2,2.0,1.0,R2_F2_m2f2_P2_Y30_UO302,RD2_F1_m1f1_P1_Y28_UO273,RD2_F4_m4f4_P4_Y28_UO72,MXY,1,0.0,0,0,0.0,0,0,0,-9999.0,0.4990081787109375,1,P0_CV0,1,1,1,1,1
2,2.0,1.0,R2_F2_m2f2_P2_Y30_UO179,RD2_F1_m1f1_P1_Y28_UO197,RD2_F2_m2f2_P2_Y28_UO144,MXY,1,0.0,0,0,0.0,0,0,0,-9999.0,0.5016098022460938,1,P0_CV0,1,1,1,2,0
2,2.0,1.0,R2_F2_m2f2_P2_Y30_UO7,RD2_F1_m1f1_P1_Y28_UO197,RD2_F4_m4f4_P4_Y28_UO247,MXY,1,0.0,0,0,0.0,0,0,0,-9999.0,0.5013961791992188,1,P0_CV0,1,0,2,1,1
2,2.0,1.0,R2_F2_m2f2_P2_Y30_UO119,RD2_F4_m4f4_P4_Y28_UO84,RD2_F2_m2f2_P2_Y28_UO117,FXX,1,0.0,0,0,0.0,0,0,0,-9999.0,0.5014419555664062,1,P0_CV0,1,1,1,1,1
2,2.0,1.0,R2_F2_m2f2_P2_Y30_UO74,RD2_F1_m1f1_P1_Y28_UO237,RD2_F4_m4f4_P4_Y28_UO75,FXX,1,0.0,0,0,0.0,0,0,0,-9999.0,0.49835968017578125,1,P0_CV0,1,1,1,1,1
2,2.0,1.0,R2_F2_m2f2_P2_Y30_UO99,RD2_F2_m2f2_P2_Y28_UO190,RD2_F4_m4f4_P4_Y28_UO247,FXX,1,0.0,0,0,0.0,0,0,0,-9999.0,0.5016860961914062,1,P0_CV0,1,1,1,2,0
2,2.0,1.0,R2_F2_m2f2_P2_Y30_UO263,RD2_F1_m1f1_P1_Y28_UO175,RD2_F4_m4f4_P4_Y28_UO43,FXX,1,0.0,0,0,0.0,0,0,0,-9999.0,0.5005874633789062,1,P0_CV0,1,2,0,0,2
2,2.0,1.0,R2_F2_m2f2_P2_Y30_UO281,RD2_F2_m2f2_P2_Y28_UO139,RD2_F2_m2f2_P2_Y28_UO323,MXY,1,0.0,0,0,0.0,0,0,0,-9999.0,0.501495361328125,1,P0_CV0,1,1,1,1,1
2,2.0,1.0,R2_F2_m2f2_P2_Y30_UO156,RD2_F1_m1f1_P1_Y28_UO305,RD2_F2_m2f2_P2_Y28_UO49,MXY,1,0.0,0,0,0.0,0,0,0,-9999.0,0.5026397705078125,1,P0_CV0,1,2,0,1,1
2,2.0,1.0,R2_F2_m2f2_P2_Y30_UO82,RD2_F4_m4f4_P4_Y28_UO137,RD2_F2_m2f2_P2_Y28_UO144,FXX,1,0.0,0,0,0.0,0,0,0,-9999.0,0.5011978149414062,1,P0_CV0,1,1,1,2,0
2,2.0,1.0,R2_F2_m2f2_P2_Y30_UO91,RD2_F2_m2f2_P2_Y28_UO139,RD2_F4_m4f4_P4_Y28_UO288,FXX,1,0.0,0,0,0.0,0,0,0,-9999.0,0.500396728515625,1,P0_CV0,1,0,2,2,0
2,2.0,1.0,R2_F2_m2f2_P2_Y30_UO27,RD2_F1_m1f1_P1_Y28_UO210,RD2_F4_m4f4_P4_Y28_UO96,MXY,1,0.0,0,0,0.0,0,0,0,-9999.0,0.5005722045898438,1,P0_CV0,1,0,2,1,1
2,2.0,1.0,R2_F2_m2f2_P2_Y30_UO229,RD2_F4_m4f4_P4_Y28_UO130,R2_F2_m4f4_P4_Y26_UO244,FXX,1,0.0,0,0,0.0,0,0,0,-9999.0,0.5005111694335938,1,P0_CV0,1,1,1,1,1
2,2.0,1.0,R2_F2_m2f2_P2_Y30_UO180,RD2_F1_m1f1_P1_Y28_UO197,RD2_F2_m2f2_P2_Y28_UO144,MXY,1,0.0,0,0,0.0,0,0,0,-9999.0,0.5016098022460938,1,P0_CV0,1,1,1,1,1
2,2.0,1.0,R2_F2_m2f2_P2_Y30_UO153,RD2_F1_m1f1_P1_Y28_UO305,RD2_F2_m2f2_P2_Y28_UO49,FXX,1,0.0,0,0,0.0,0,0,0,-9999.0,0.5026397705078125,1,P0_CV0,1,2,0,1,1
2,2.0,1.0,R2_F2_m2f2_P2_Y30_UO57,RD2_F4_m4f4_P4_Y28_UO112,RD2_F4_m4f4_P4_Y28_UO184,FXX,1,0.0,0,0,0.0,0,0,0,-9999.0,0.501190185546875,1,P0_CV0,1,0,2,0,2
2,2.0,1.0,R2_F2_m2f2_P2_Y30_UO136,RD2_F1_m1f1_P1_Y28_UO259,RD2_F4_m4f4_P4_Y28_UO247,FXX,1,0.0,0,0,0.0,0,0,0,-9999.0,0.5004196166992188,1,P0_CV0,1,0,2,2,0
2,2.0,1.0,R2_F2_m2f2_P2_Y30_UO8,RD2_F1_m1f1_P1_Y28_UO197,RD2_F4_m4f4_P4_Y28_UO247,FXX,1,0.0,0,0,0.0,0,0,0,-9999.0,0.5013961791992188,1,P0_CV0,1,0,2,1,1
2,2.0,1.0,R2_F2_m2f2_P2_Y30_UO56,RD2_F4_m4f4_P4_Y28_UO112,RD2_F4_m4f4_P4_Y28_UO184,MXY,1,0.0,0,0,0.0,0,0,0,-9999.0,0.501190185546875,1,P0_CV0,1,0,2,0,2
2,2.0,1.0,R2_F2_m2f2_P2_Y30_UO209,RD2_F4_m4f4_P4_Y28_UO218,RD2_F2_m2f2_P2_Y28_UO117,MXY,1,0.0,0,0,0.0,0,0,0,-9999.0,0.4988555908203125,1,P0_CV0,1,2,0,1,1
2,2.0,1.0,R2_F2_m2f2_P2_Y30_UO112,RD2_F1_m1f1_P1_Y28_UO259,RD2_F4_m4f4_P4_Y28_UO75,FXX,1,0.0,0,0,0.0,0,0,0,-9999.0,0.498443603515625,1,P0_CV0,1,0,2,1,1
2,2.0,1.0,R2_F2_m2f2_P2_Y30_UO336,RD2_F1_m1f1_P1_Y28_UO197,RD2_F4_m4f4_P4_Y28_UO87,FXX,1,0.0,0,0,0.0,0,0,0,-9999.0,0.501800537109375,1,P0_CV0,1,1,1,0,2
2,2.0,1.0,R2_F2_m2f2_P2_Y30_UO148,RD2_F4_m4f4_P4_Y28_UO160,RD2_F2_m2f2_P2_Y28_UO5,FXX,1,0.0,0,0,0.0,0,0,0,-9999.0,0.501434326171875,1,P0_CV0,1,1,1,1,1
2,2.0,1.0,R2_F2_m2f2_P2_Y30_UO195,RD2_F2_m2f2_P2_Y28_UO190,RD2_F4_m4f4_P4_Y28_UO87,MXY,1,0.0,0,0,0.0,0,0,0,-9999.0,0.5020904541015625,1,P0_CV0,1,0,2,1,1
2,2.0,1.0,R2_F2_m2f2_P2_Y30_UO225,RD2_F4_m4f4_P4_Y28_UO84,RD2_F2_m2f2_P2_Y28_UO140,FXX,1,0.0,0,0,0.0,0,0,0,-9999.0,0.5014266967773438,1,P0_CV0,1,1,1,0,2
2,2.0,1.0,R2_F2_m2f2_P2_Y30_UO73,RD2_F1_m1f1_P1_Y28_UO237,RD2_F4_m4f4_P4_Y28_UO75,FXX,1,0.0,0,0,0.0,0,0,0,-9999.0,0.49835968017578125,1,P0_CV0,1,0,2,1,1
2,2.0,1.0,R2_F2_m2f2_P2_Y30_UO282,RD2_F2_m2f2_P2_Y28_UO139,RD2_F2_m2f2_P2_Y28_UO323,MXY,1,0.0,0,0,0.0,0,0,0,-9999.0,0.501495361328125,1,P0_CV0,1,1,1,2,0
2,2.0,1.0,R2_F2_m2f2_P2_Y30_UO151,RD2_F4_m4f4_P4_Y28_UO160,RD2_F2_m2f2_P2_Y28_UO5,MXY,1,0.0,0,0,0.0,0,0,0,-9999.0,0.501434326171875,1,P0_CV0,1,0,2,1,1
2,2.0,1.0,R2_F2_m2f2_P2_Y30_UO14,RD2_F1_m1f1_P1_Y28_UO17,RD2_F4_m4f4_P4_Y28_UO75,MXY,1,0.0,0,0,0.0,0,0,0,-9999.0,0.49982452392578125,1,P0_CV0,1,0,2,1,1
2,2.0,1.0,R2_F2_m2f2_P2_Y30_UO227,RD2_F4_m4f4_P4_Y28_UO130,R2_F2_m4f4_P4_Y26_UO244,MXY,1,0.0,0,0,0.0,0,0,0,-9999.0,0.5005111694335938,1,P0_CV0,1,1,1,1,1
2,2.0,1.0,R2_F2_m2f2_P2_Y30_UO277,RD2_F1_m1f1_P1_Y28_UO39,RD2_F2_m2f2_P2_Y28_UO144,FXX,1,0.0,0,0,0.0,0,0,0,-9999.0,0.5018844604492188,1,P0_CV0,1,0,2,0,2
2,2.0,1.0,R2_F2_m2f2_P2_Y30_UO88,RD2_F2_m2f2_P2_Y28_UO20,RD2_F4_m4f4_P4_Y28_UO43,MXY,1,0.0,0,0,0.0,0,0,0,-9999.0,0.5022506713867188,1,P0_CV0,1,1,1,2,0
2,2.0,1.0,R2_F2_m2f2_P2_Y30_UO262,RD2_F1_m1f1_P1_Y28_UO175,RD2_F4_m4f4_P4_Y28_UO43,MXY,1,0.0,0,0,0.0,0,0,0,-9999.0,0.5005874633789062,1,P0_CV0,1,2,0,2,0
2,2.0,1.0,R2_F2_m2f2_P2_Y30_UO321,RD2_F2_m2f2_P2_Y28_UO30,RD2_F2_m2f2_P2_Y28_UO323,MXY,1,0.0,0,0,0.0,0,0,0,-9999.0,0.5029754638671875,1,P0_CV0,1,2,0,1,1
2,2.0,1.0,R2_F2_m2f2_P2_Y30_UO89,RD2_F2_m2f2_P2_Y28_UO20,RD2_F4_m4f4_P4_Y28_UO43,FXX,1,0.0,0,0,0.0,0,0,0,-9999.0,0.5022506713867188,1,P0_CV0,1,1,1,2,0
2,2.0,1.0,R2_F2_m2f2_P2_Y30_UO224,RD2_F4_m4f4_P4_Y28_UO84,RD2_F2_m2f2_P2_Y28_UO140,FXX,1,0.0,0,0,0.0,0,0,0,-9999.0,0.5014266967773438,1,P0_CV0,1,2,0,0,2
2,2.0,1.0,R2_F2_m2f2_P2_Y30_UO342,RD2_F1_m1f1_P1_Y28_UO259,RD2_F2_m2f2_P2_Y28_UO5,MXY,1,0.0,0,0,0.0,0,0,0,-9999.0,0.5000991821289062,1,P0_CV0,1,0,2,1,1
2,2.0,1.0,RD2_F1_m1f1_P1_Y29_UO36,RD1_F2_m2f2_P2_Y27_UO60,R1_F1_m2f2_P2_Y26_UO2,MXY,2,0.0,1,0,0.0,0,0,0,-9999.0,0.499664306640625,1,P0_CV0,1,2,0,0,2
2,2.0,1.0,RD2_F1_m1f1_P1_Y29_UO31,RD1_F2_m2f2_P2_Y27_UO60,R1_F1_m2f2_P2_Y26_UO2,MXY,2,0.0,1,0,0.0,0,0,0,-9999.0,0.499664306640625,1,P0_CV0,1,2,0,1,1
2,2.0,1.0,R2_F2_m2f2_P2_Y28_UO323,RD2_F1_m1f1_P1_Y26_UO115,RD2_F1_m1f1_P1_Y26_UO15,MXY,3,0.0,1,0,0.0,0,0,0,-9999.0,0.502685546875,1,P0_CV0,1,1,1,2,0
2,2.0,1.0,R2_F2_m2f2_P2_Y28_UO24,RD2_F1_m1f1_P1_Y26_UO101,RD2_F4_m4f4_P4_Y26_UO77,MXY,3,0.0,1,0,0.0,0,0,0,-9999.0,0.501495361328125,1,P0_CV0,1,1,1,1,1
2,2.0,1.0,R2_F2_m1f1_P1_Y28_UO17,RD1_F2_m2f2_P2_Y26_UO27,RD1_F3_m3f3_P3_Y26_UO109,FXX,3,0.0,1,0,1.0,0,0,0,-9999.0,0.502655029296875,1,P0_CV0,1,1,1,1,1
2,2.0,1.0,R2_F2_m4f4_P4_Y28_UO320,RD4_F3_m3f3_P3_Y26_UO29,RD4_F4_m4f4_P4_Y26_UO204,FXX,3,0.0,1,0,1.0,0,0,0,-9999.0,0.5019378662109375,1,P0_CV0,1,1,1,1,1
2,2.0,1.0,R2_F2_m2f2_P2_Y30_UO280,RD2_F2_m2f2_P2_Y28_UO139,RD2_F2_m2f2_P2_Y28_UO323,MXY,1,0.0,0,0,0.0,0,0,0,-9999.0,0.501495361328125,1,P1_CV0,1,1,1,1,1
2,2.0,1.0,R2_F2_m2f2_P2_Y30_UO243,RD2_F2_m2f2_P2_Y28_UO46,RD2_F2_m2f2_P2_Y28_UO323,MXY,1,0.0,0,0,0.0,0,0,0,-9999.0,0.5009231567382812,1,P1_CV0,1,0,2,2,0
2,2.0,1.0,R2_F2_m2f2_P2_Y30_UO241,RD2_F2_m2f2_P2_Y28_UO46,RD2_F2_m2f2_P2_Y28_UO323,MXY,1,0.0,0,0,0.0,0,0,0,-9999.0,0.5009231567382812,1,P1_CV0,1,0,2,2,0
2,2.0,1.0,R2_F2_m2f2_P2_Y30_UO242,RD2_F2_m2f2_P2_Y28_UO46,RD2_F2_m2f2_P2_Y28_UO323,MXY,1,0.0,0,0,0.0,0,0,0,-9999.0,0.5009231567382812,1,P1_CV0,1,1,1,2,0
2,2.0,1.0,R2_F2_m2f2_P2_Y30_UO149,RD2_F4_m4f4_P4_Y28_UO160,RD2_F2_m2f2_P2_Y28_UO5,MXY,1,0.0,0,0,0.0,0,0,0,-9999.0,0.501434326171875,1,P1_CV0,1,1,1,1,1
2,2.0,1.0,R2_F2_m2f2_P2_Y30_UO300,RD2_F1_m1f1_P1_Y28_UO273,RD2_F4_m4f4_P4_Y28_UO72,MXY,1,0.0,0,0,0.0,0,0,0,-9999.0,0.4990081787109375,1,P1_CV0,1,0,2,0,2
2,2.0,1.0,R2_F2_m2f2_P2_Y30_UO120,RD2_F4_m4f4_P4_Y28_UO84,RD2_F2_m2f2_P2_Y28_UO117,FXX,1,0.0,0,0,0.0,0,0,0,-9999.0,0.5014419555664062,1,P1_CV0,1,0,2,2,0
2,2.0,1.0,R2_F2_m2f2_P2_Y30_UO296,RD2_F2_m2f2_P2_Y28_UO46,RD2_F2_m2f2_P2_Y28_UO144,MXY,1,0.0,0,0,0.0,0,0,0,-9999.0,0.5002670288085938,1,P1_CV0,1,0,2,2,0
2,2.0,1.0,R2_F2_m2f2_P2_Y30_UO150,RD2_F4_m4f4_P4_Y28_UO160,RD2_F2_m2f2_P2_Y28_UO5,FXX,1,0.0,0,0,0.0,0,0,0,-9999.0,0.501434326171875,1,P1_CV0,1,0,2,1,1
2,2.0,1.0,R2_F2_m2f2_P2_Y30_UO240,RD2_F2_m2f2_P2_Y28_UO46,RD2_F2_m2f2_P2_Y28_UO323,MXY,1,0.0,0,0,0.0,0,0,0,-9999.0,0.5009231567382812,1,P1_CV0,1,0,2,2,0
2,2.0,1.0,R2_F2_m2f2_P2_Y30_UO111,RD2_F1_m1f1_P1_Y28_UO259,RD2_F4_m4f4_P4_Y28_UO75,MXY,1,0.0,0,0,0.0,0,0,0,-9999.0,0.498443603515625,1,P1_CV0,1,0,2,0,2
2,2.0,1.0,R2_F2_m2f2_P2_Y30_UO295,RD2_F2_m2f2_P2_Y28_UO46,R2_F2_m2f2_P2_Y27_UO51,MXY,1,0.0,0,0,0.0,0,0,0,-9999.0,0.49994659423828125,1,P1_CV0,1,0,2,2,0
2,2.0,1.0,R2_F2_m2f2_P2_Y30_UO298,RD2_F2_m2f2_P2_Y28_UO46,RD2_F2_m2f2_P2_Y28_UO144,FXX,1,0.0,0,0,0.0,0,0,0,-9999.0,0.5002670288085938,1,P1_CV0,1,0,2,2,0
2,2.0,1.0,R2_F2_m2f2_P2_Y30_UO211,RD2_F4_m4f4_P4_Y28_UO218,RD2_F2_m2f2_P2_Y28_UO117,MXY,1,0.0,0,0,0.0,0,0,0,-9999.0,0.4988555908203125,1,P1_CV0,1,1,1,1,1
2,2.0,1.0,R2_F2_m2f2_P2_Y30_UO301,RD2_F1_m1f1_P1_Y28_UO273,RD2_F4_m4f4_P4_Y28_UO72,FXX,1,0.0,0,0,0.0,0,0,0,-9999.0,0.4990081787109375,1,P1_CV0,1,0,2,1,1
2,2.0,1.0,R2_F2_m2f2_P2_Y30_UO266,RD2_F1_m1f1_P1_Y28_UO120,RD2_F2_m2f2_P2_Y28_UO4,MXY,1,0.0,0,0,0.0,0,0,0,-9999.0,0.5013885498046875,1,P1_CV0,1,0,2,1,1
2,2.0,1.0,R2_F2_m2f2_P2_Y30_UO16,RD2_F1_m1f1_P1_Y28_UO17,RD2_F4_m4f4_P4_Y28_UO75,MXY,1,0.0,0,0,0.0,0,0,0,-9999.0,0.49982452392578125,1,P1_CV0,1,1,1,1,1
2,2.0,1.0,R2_F2_m2f2_P2_Y30_UO265,RD2_F1_m1f1_P1_Y28_UO120,RD2_F2_m2f2_P2_Y28_UO4,MXY,1,0.0,0,0,0.0,0,0,0,-9999.0,0.5013885498046875,1,P1_CV0,1,1,1,1,1
2,2.0,1.0,R2_F2_m2f2_P2_Y30_UO303,RD2_F1_m1f1_P1_Y28_UO273,RD2_F4_m4f4_P4_Y28_UO72,MXY,1,0.0,0,0,0.0,0,0,0,-9999.0,0.4990081787109375,1,P1_CV0,1,0,2,1,1
2,2.0,1.0,R2_F2_m2f2_P2_Y30_UO293,RD2_F2_m2f2_P2_Y28_UO46,R2_F2_m2f2_P2_Y27_UO51,FXX,1,0.0,0,0,0.0,0,0,0,-9999.0,0.49994659423828125,1,P1_CV0,1,1,1,1,1
2,2.0,1.0,R2_F2_m2f2_P2_Y30_UO210,RD2_F4_m4f4_P4_Y28_UO218,RD2_F2_m2f2_P2_Y28_UO117,MXY,1,0.0,0,0,0.0,0,0,0,-9999.0,0.4988555908203125,1,P1_CV0,1,1,1,1,1
2,2.0,1.0,R2_F2_m2f2_P2_Y28_UO139,RD2_F2_m2f2_P2_Y26_UO25,RD2_F4_m4f4_P4_Y26_UO78,FXX,3,0.0,1,0,1.0,0,0,0,-9999.0,0.50030517578125,1,P1_CV0,1,1,1,1,1
2,2.0,1.0,R2_F2_m2f2_P2_Y30_UO104,RD2_F4_m4f4_P4_Y28_UO218,R2_F2_m2f2_P2_Y27_UO51,FXX,1,0.0,0,0,0.0,0,0,0,-9999.0,0.499053955078125,1,P2_CV0,1,2,0,1,1
2,2.0,1.0,R2_F2_m2f2_P2_Y30_UO101,RD2_F2_m2f2_P2_Y28_UO190,RD2_F4_m4f4_P4_Y28_UO247,MXY,1,0.0,0,0,0.0,0,0,0,-9999.0,0.5016860961914062,1,P2_CV0,1,1,1,2,0
2,2.0,1.0,R2_F2_m2f2_P2_Y30_UO10,RD2_F1_m1f1_P1_Y28_UO197,RD2_F4_m4f4_P4_Y28_UO247,MXY,1,0.0,0,0,0.0,0,0,0,-9999.0,0.5013961791992188,1,P2_CV0,1,1,1,1,1
2,2.0,1.0,R2_F2_m2f2_P2_Y30_UO102,RD2_F2_m2f2_P2_Y28_UO190,RD2_F4_m4f4_P4_Y28_UO247,MXY,1,0.0,0,0,0.0,0,0,0,-9999.0,0.5016860961914062,1,P2_CV0,1,0,2,1,1
2,2.0,1.0,R2_F2_m2f2_P2_Y30_UO294,RD2_F2_m2f2_P2_Y28_UO46,R2_F2_m2f2_P2_Y27_UO51,MXY,1,0.0,0,0,0.0,0,0,0,-9999.0,0.49994659423828125,1,P2_CV0,1,1,1,2,0
2,2.0,1.0,R2_F2_m2f2_P2_Y30_UO135,RD2_F1_m1f1_P1_Y28_UO259,RD2_F4_m4f4_P4_Y28_UO247,FXX,1,0.0,0,0,0.0,0,0,0,-9999.0,0.5004196166992188,1,P2_CV0,1,0,2,2,0
2,2.0,1.0,R2_F2_m2f2_P2_Y30_UO100,RD2_F2_m2f2_P2_Y28_UO190,RD2_F4_m4f4_P4_Y28_UO247,MXY,1,0.0,0,0,0.0,0,0,0,-9999.0,0.5016860961914062,1,P2_CV0,1,1,1,1,1
2,2.0,1.0,R2_F2_m2f2_P2_Y30_UO9,RD2_F1_m1f1_P1_Y28_UO197,RD2_F4_m4f4_P4_Y28_UO247,FXX,1,0.0,0,0,0.0,0,0,0,-9999.0,0.5013961791992188,1,P2_CV0,1,0,2,1,1
2,2.0,1.0,R2_F2_m2f2_P2_Y30_UO103,RD2_F4_m4f4_P4_Y28_UO218,R2_F2_m2f2_P2_Y27_UO51,MXY,1,0.0,0,0,0.0,0,0,0,-9999.0,0.499053955078125,1,P2_CV0,1,1,1,0,2
2,2.0,1.0,RD2_F4_m4f4_P4_Y29_UO28,RD4_F2_m2f2_P2_Y27_UO39,RD4_F2_m2f2_P2_Y27_UO38,FXX,2,0.0,1,0,1.0,0,0,0,-9999.0,0.5023193359375,1,P2_CV0,1,0,2,2,0
2,2.0,1.0,RD2_F1_m1f1_P1_Y29_UO47,RD1_F3_m3f3_P3_Y27_UO21,RD1_F2_m2f2_P2_Y27_UO52,FXX,2,0.0,1,0,1.0,0,0,0,-9999.0,0.499420166015625,1,P2_CV0,1,1,1,2,0
2,2.0,1.0,R2_F2_m1f1_P1_Y26_UO120,RD1_F3_m3f3_P3_Y24_UO283,RD1_F1_m1f1_P1_Y24_UO268,MXY,5,0.0,1,0,0.0,0,0,0,-9999.0,0.502349853515625,1,P2_CV0,1,0,2,2,0
2,2.0,1.0,R2_F2_m2f2_P2_Y30_UO337,RD2_F1_m1f1_P1_Y28_UO197,RD2_F4_m4f4_P4_Y28_UO87,FXX,1,0.0,0,0,0.0,0,0,0,-9999.0,0.501800537109375,1,P3_CV0,1,0,2,1,1
2,2.0,1.0,R2_F2_m2f2_P2_Y30_UO335,RD2_F1_m1f1_P1_Y28_UO197,RD2_F4_m4f4_P4_Y28_UO87,MXY,1,0.0,0,0,0.0,0,0,0,-9999.0,0.501800537109375,1,P3_CV0,1,1,1,1,1
2,2.0,1.0,R2_F2_m2f2_P2_Y30_UO194,RD2_F2_m2f2_P2_Y28_UO190,RD2_F4_m4f4_P4_Y28_UO87,MXY,1,0.0,0,0,0.0,0,0,0,-9999.0,0.5020904541015625,1,P3_CV0,1,1,1,1,1
3,1.0,2.0,R3_F3_m3f3_P3_Y30_UO50,RD3_F4_m4f4_P4_Y28_UO111,RD3_F3_m3f3_P3_Y28_UO89,FXX,1,0.0,0,0,0.0,0,0,0,-9999.0,0.500274658203125,1,P0_CV0,1,2,0,1,1
3,1.0,2.0,R3_F3_m3f3_P3_Y30_UO183,RD3_F4_m4f4_P4_Y28_UO290,RD3_F3_m3f3_P3_Y28_UO63,FXX,1,0.0,0,0,0.0,0,0,0,-9999.0,0.5009231567382812,1,P0_CV0,1,1,1,1,1
3,1.0,2.0,R3_F3_m3f3_P3_Y30_UO159,RD3_F3_m3f3_P3_Y28_UO107,RD3_F4_m4f4_P4_Y28_UO77,MXY,1,0.0,0,0,0.0,0,0,0,-9999.0,0.5007476806640625,1,P0_CV0,1,1,1,1,1
3,1.0,2.0,R3_F3_m3f3_P3_Y30_UO13,RD3_F4_m4f4_P4_Y28_UO249,RD3_F3_m3f3_P3_Y28_UO89,FXX,1,0.0,0,0,0.0,0,0,0,-9999.0,0.5006103515625,1,P0_CV0,1,1,1,2,0
3,1.0,2.0,R3_F3_m3f3_P3_Y30_UO316,RD3_F4_m4f4_P4_Y28_UO298,RD3_F4_m4f4_P4_Y28_UO100,FXX,1,0.0,0,0,0.0,0,0,0,-9999.0,0.4996185302734375,1,P0_CV0,1,0,2,2,0
3,1.0,2.0,R3_F3_m3f3_P3_Y30_UO283,RD3_F4_m4f4_P4_Y28_UO290,RD3_F4_m4f4_P4_Y28_UO239,MXY,1,0.0,0,0,0.0,0,0,0,-9999.0,0.5011367797851562,1,P0_CV0,1,0,2,2,0
3,1.0,2.0,R3_F3_m3f3_P3_Y30_UO29,RD3_F4_m4f4_P4_Y28_UO289,RD3_F4_m4f4_P4_Y28_UO77,MXY,1,0.0,0,0,0.0,0,0,0,-9999.0,0.5011672973632812,1,P0_CV0,1,1,1,1,1
3,1.0,2.0,R3_F3_m3f3_P3_Y30_UO327,RD3_F4_m4f4_P4_Y28_UO129,RD3_F4_m4f4_P4_Y28_UO291,MXY,1,0.0,0,0,0.0,0,0,0,-9999.0,0.49994659423828125,1,P0_CV0,1,1,1,2,0
3,1.0,2.0,R3_F3_m3f3_P3_Y30_UO51,RD3_F4_m4f4_P4_Y28_UO111,RD3_F3_m3f3_P3_Y28_UO89,FXX,1,0.0,0,0,0.0,0,0,0,-9999.0,0.500274658203125,1,P0_CV0,1,2,0,1,1
3,1.0,2.0,R3_F3_m3f3_P3_Y30_UO139,RD3_F1_m1f1_P1_Y28_UO156,RD3_F3_m3f3_P3_Y28_UO69,MXY,1,0.0,0,0,0.0,0,0,0,-9999.0,0.5029067993164062,1,P0_CV0,1,0,2,2,0
3,1.0,2.0,R3_F3_m3f3_P3_Y30_UO122,RD3_F4_m4f4_P4_Y28_UO93,R3_F3_m3f3_P3_Y26_UO122,FXX,1,0.0,0,0,0.0,0,0,0,-9999.0,0.5005035400390625,1,P0_CV0,1,0,2,1,1
3,1.0,2.0,R3_F3_m3f3_P3_Y30_UO19,RD3_F4_m4f4_P4_Y28_UO296,RD3_F3_m3f3_P3_Y28_UO79,FXX,1,0.0,0,0,0.0,0,0,0,-9999.0,0.499725341796875,1,P0_CV0,1,0,2,1,1
3,1.0,2.0,R3_F3_m3f3_P3_Y30_UO254,RD3_F4_m4f4_P4_Y28_UO113,RD3_F4_m4f4_P4_Y28_UO100,MXY,1,0.0,0,0,0.0,0,0,0,-9999.0,0.5000076293945312,1,P0_CV0,1,2,0,0,2
3,1.0,2.0,R3_F3_m3f3_P3_Y30_UO185,RD3_F4_m4f4_P4_Y28_UO290,RD3_F3_m3f3_P3_Y28_UO63,FXX,1,0.0,0,0,0.0,0,0,0,-9999.0,0.5009231567382812,1,P0_CV0,1,1,1,1,1
3,1.0,2.0,R3_F3_m3f3_P3_Y30_UO18,RD3_F4_m4f4_P4_Y28_UO296,RD3_F3_m3f3_P3_Y28_UO79,MXY,1,0.0,0,0,0.0,0,0,0,-9999.0,0.499725341796875,1,P0_CV0,1,0,2,0,2
3,1.0,2.0,R3_F3_m3f3_P3_Y30_UO318,RD3_F4_m4f4_P4_Y28_UO298,RD3_F4_m4f4_P4_Y28_UO100,FXX,1,0.0,0,0,0.0,0,0,0,-9999.0,0.4996185302734375,1,P0_CV0,1,1,1,2,0
3,1.0,2.0,R3_F3_m3f3_P3_Y30_UO255,RD3_F4_m4f4_P4_Y28_UO113,RD3_F4_m4f4_P4_Y28_UO100,FXX,1,0.0,0,0,0.0,0,0,0,-9999.0,0.5000076293945312,1,P0_CV0,1,1,1,1,1
3,1.0,2.0,R3_F3_m3f3_P3_Y30_UO182,RD3_F4_m4f4_P4_Y28_UO290,RD3_F3_m3f3_P3_Y28_UO63,MXY,1,0.0,0,0,0.0,0,0,0,-9999.0,0.5009231567382812,1,P0_CV0,1,1,1,2,0
3,1.0,2.0,R3_F3_m3f3_P3_Y30_UO12,RD3_F4_m4f4_P4_Y28_UO249,RD3_F3_m3f3_P3_Y28_UO89,MXY,1,0.0,0,0,0.0,0,0,0,-9999.0,0.5006103515625,1,P0_CV0,1,0,2,2,0
3,1.0,2.0,R3_F3_m3f3_P3_Y30_UO206,RD3_F1_m1f1_P1_Y28_UO156,RD3_F1_m1f1_P1_Y28_UO174,MXY,1,0.0,0,0,0.0,0,0,0,-9999.0,0.50048828125,1,P0_CV0,1,0,2,1,1
3,1.0,2.0,R3_F3_m3f3_P3_Y30_UO160,RD3_F3_m3f3_P3_Y28_UO107,RD3_F4_m4f4_P4_Y28_UO77,MXY,1,0.0,0,0,0.0,0,0,0,-9999.0,0.5007476806640625,1,P0_CV0,1,1,1,1,1
3,1.0,2.0,R3_F3_m3f3_P3_Y30_UO142,RD3_F4_m4f4_P4_Y28_UO113,RD3_F4_m4f4_P4_Y28_UO85,MXY,1,0.0,0,0,0.0,0,0,0,-9999.0,0.501861572265625,1,P0_CV0,1,1,1,0,2
3,1.0,2.0,R3_F3_m3f3_P3_Y30_UO32,RD3_F4_m4f4_P4_Y28_UO289,RD3_F4_m4f4_P4_Y28_UO77,FXX,1,0.0,0,0,0.0,0,0,0,-9999.0,0.5011672973632812,1,P0_CV0,1,1,1,1,1
3,1.0,2.0,R3_F3_m3f3_P3_Y30_UO31,RD3_F4_m4f4_P4_Y28_UO289,RD3_F4_m4f4_P4_Y28_UO77,MXY,1,0.0,0,0,0.0,0,0,0,-9999.0,0.5011672973632812,1,P0_CV0,1,0,2,1,1
3,1.0,2.0,R3_F3_m3f3_P3_Y30_UO97,RD3_F4_m4f4_P4_Y28_UO287,RD3_F4_m4f4_P4_Y28_UO100,FXX,1,0.0,0,0,0.0,0,0,0,-9999.0,0.499664306640625,1,P0_CV0,1,1,1,1,1
3,1.0,2.0,R3_F3_m3f3_P3_Y30_UO144,RD3_F4_m4f4_P4_Y28_UO113,RD3_F4_m4f4_P4_Y28_UO85,MXY,1,0.0,0,0,0.0,0,0,0,-9999.0,0.501861572265625,1,P0_CV0,1,1,1,0,2
3,1.0,2.0,R3_F3_m3f3_P3_Y30_UO286,RD3_F4_m4f4_P4_Y28_UO290,RD3_F4_m4f4_P4_Y28_UO239,MXY,1,0.0,0,0,0.0,0,0,0,-9999.0,0.5011367797851562,1,P0_CV0,1,1,1,2,0
3,1.0,2.0,R3_F3_m3f3_P3_Y30_UO5,RD3_F3_m3f3_P3_Y28_UO107,R3_F3_m1f1_P1_Y26_UO339,FXX,1,0.0,0,0,0.0,0,0,0,-9999.0,0.5010910034179688,1,P0_CV0,1,1,1,2,0
3,1.0,2.0,R3_F3_m3f3_P3_Y30_UO96,RD3_F4_m4f4_P4_Y28_UO287,RD3_F4_m4f4_P4_Y28_UO100,MXY,1,0.0,0,0,0.0,0,0,0,-9999.0,0.499664306640625,1,P0_CV0,1,0,2,2,0
3,1.0,2.0,R3_F3_m3f3_P3_Y30_UO157,RD3_F3_m3f3_P3_Y28_UO107,RD3_F4_m4f4_P4_Y28_UO77,FXX,1,0.0,0,0,0.0,0,0,0,-9999.0,0.5007476806640625,1,P0_CV0,1,1,1,1,1
3,1.0,2.0,R3_F3_m3f3_P3_Y30_UO140,RD3_F1_m1f1_P1_Y28_UO156,RD3_F3_m3f3_P3_Y28_UO69,MXY,1,0.0,0,0,0.0,0,0,0,-9999.0,0.5029067993164062,1,P0_CV0,1,0,2,2,0
3,1.0,2.0,R3_F3_m3f3_P3_Y30_UO317,RD3_F4_m4f4_P4_Y28_UO298,RD3_F4_m4f4_P4_Y28_UO100,MXY,1,0.0,0,0,0.0,0,0,0,-9999.0,0.4996185302734375,1,P0_CV0,1,1,1,1,1
3,1.0,2.0,R3_F3_m3f3_P3_Y30_UO323,RD3_F4_m4f4_P4_Y28_UO129,RD3_F4_m4f4_P4_Y28_UO291,MXY,1,0.0,0,0,0.0,0,0,0,-9999.0,0.49994659423828125,1,P0_CV0,1,1,1,2,0
3,1.0,2.0,R3_F3_m3f3_P3_Y30_UO141,RD3_F1_m1f1_P1_Y28_UO156,RD3_F3_m3f3_P3_Y28_UO69,MXY,1,0.0,0,0,0.0,0,0,0,-9999.0,0.5029067993164062,1,P0_CV0,1,0,2,2,0
3,1.0,2.0,R3_F3_m3f3_P3_Y30_UO11,RD3_F4_m4f4_P4_Y28_UO249,RD3_F3_m3f3_P3_Y28_UO89,MXY,1,0.0,0,0,0.0,0,0,0,-9999.0,0.5006103515625,1,P0_CV0,1,0,2,1,1
3,1.0,2.0,R3_F3_m3f3_P3_Y30_UO253,RD3_F4_m4f4_P4_Y28_UO113,RD3_F4_m4f4_P4_Y28_UO100,FXX,1,0.0,0,0,0.0,0,0,0,-9999.0,0.5000076293945312,1,P0_CV0,1,1,1,1,1
3,1.0,2.0,R3_F3_m3f3_P3_Y30_UO325,RD3_F4_m4f4_P4_Y28_UO129,RD3_F4_m4f4_P4_Y28_UO291,FXX,1,0.0,0,0,0.0,0,0,0,-9999.0,0.49994659423828125,1,P0_CV0,1,1,1,2,0
3,1.0,2.0,R3_F3_m3f3_P3_Y30_UO98,RD3_F4_m4f4_P4_Y28_UO287,RD3_F4_m4f4_P4_Y28_UO100,FXX,1,0.0,0,0,0.0,0,0,0,-9999.0,0.499664306640625,1,P0_CV0,1,1,1,2,0
3,1.0,2.0,R3_F3_m3f3_P3_Y30_UO158,RD3_F3_m3f3_P3_Y28_UO107,RD3_F4_m4f4_P4_Y28_UO77,FXX,1,0.0,0,0,0.0,0,0,0,-9999.0,0.5007476806640625,1,P0_CV0,1,0,2,1,1
3,1.0,2.0,R3_F3_m3f3_P3_Y30_UO133,RD3_F3_m3f3_P3_Y28_UO91,RD3_F4_m4f4_P4_Y28_UO193,MXY,1,0.0,0,0,0.0,0,0,0,-9999.0,0.5005950927734375,1,P0_CV0,1,1,1,1,1
3,1.0,2.0,R3_F3_m3f3_P3_Y30_UO326,RD3_F4_m4f4_P4_Y28_UO129,RD3_F4_m4f4_P4_Y28_UO291,FXX,1,0.0,0,0,0.0,0,0,0,-9999.0,0.49994659423828125,1,P0_CV0,1,1,1,2,0
3,1.0,2.0,R3_F3_m3f3_P3_Y30_UO322,RD3_F4_m4f4_P4_Y28_UO129,RD3_F4_m4f4_P4_Y28_UO291,MXY,1,0.0,0,0,0.0,0,0,0,-9999.0,0.49994659423828125,1,P0_CV0,1,1,1,2,0
3,1.0,2.0,R3_F3_m3f3_P3_Y30_UO251,RD3_F3_m3f3_P3_Y28_UO27,RD3_F4_m4f4_P4_Y28_UO100,MXY,1,0.0,0,0,0.0,0,0,0,-9999.0,0.49857330322265625,1,P0_CV0,1,1,1,1,1
3,1.0,2.0,R3_F3_m3f3_P3_Y30_UO249,RD3_F3_m3f3_P3_Y28_UO27,RD3_F4_m4f4_P4_Y28_UO100,FXX,1,0.0,0,0,0.0,0,0,0,-9999.0,0.49857330322265625,1,P0_CV0,1,1,1,2,0
3,1.0,2.0,R3_F3_m3f3_P3_Y30_UO208,RD3_F1_m1f1_P1_Y28_UO156,RD3_F1_m1f1_P1_Y28_UO174,MXY,1,0.0,0,0,0.0,0,0,0,-9999.0,0.50048828125,1,P0_CV0,1,0,2,2,0
3,1.0,2.0,R3_F3_m3f3_P3_Y30_UO324,RD3_F4_m4f4_P4_Y28_UO129,RD3_F4_m4f4_P4_Y28_UO291,FXX,1,0.0,0,0,0.0,0,0,0,-9999.0,0.49994659423828125,1,P0_CV0,1,1,1,1,1
3,1.0,2.0,R3_F3_m3f3_P3_Y30_UO49,RD3_F4_m4f4_P4_Y28_UO111,RD3_F3_m3f3_P3_Y28_UO89,FXX,1,0.0,0,0,0.0,0,0,0,-9999.0,0.500274658203125,1,P0_CV0,1,1,1,0,2
3,1.0,2.0,RD3_F4_m4f4_P4_Y29_UO29,RD4_F2_m2f2_P2_Y27_UO39,RD4_F2_m2f2_P2_Y27_UO38,FXX,2,0.0,1,0,1.0,0,0,0,-9999.0,0.5023193359375,1,P0_CV0,1,0,2,2,0
3,1.0,2.0,R3_F3_m4f4_P4_Y28_UO76,RD4_F3_m3f3_P3_Y26_UO320,RD4_F3_m3f3_P3_Y26_UO171,FXX,3,0.0,1,0,1.0,0,0,0,-9999.0,0.5018463134765625,1,P0_CV0,1,0,2,1,1
3,1.0,2.0,R3_F3_m3f3_P3_Y28_UO63,RD3_F3_m3f3_P3_Y26_UO335,RD3_F4_m4f4_P4_Y26_UO38,MXY,3,0.0,1,0,0.0,0,0,0,-9999.0,0.5013580322265625,1,P0_CV0,1,2,0,1,1
3,1.0,2.0,R3_F3_m3f3_P3_Y28_UO276,RD3_F4_m4f4_P4_Y26_UO91,RD3_F4_m4f4_P4_Y26_UO67,FXX,3,0.0,1,0,1.0,0,0,0,-9999.0,0.5021514892578125,1,P0_CV0,1,2,0,1,1
3,1.0,2.0,R3_F3_m3f3_P3_Y28_UO62,RD3_F3_m3f3_P3_Y26_UO335,RD3_F4_m4f4_P4_Y26_UO38,FXX,3,0.0,1,0,1.0,0,0,0,-9999.0,0.5013580322265625,1,P0_CV0,1,1,1,1,1
3,1.0,2.0,R3_F3_m4f4_P4_Y28_UO317,RD4_F3_m3f3_P3_Y26_UO299,RD4_F3_m3f3_P3_Y26_UO254,FXX,3,0.0,1,0,1.0,0,0,0,-9999.0,0.4997711181640625,1,P0_CV0,1,1,1,1,1
3,1.0,2.0,R3_F3_m4f4_P4_Y28_UO100,RD4_F3_m3f3_P3_Y26_UO284,RD4_F4_m4f4_P4_Y26_UO175,MXY,3,0.0,1,0,0.0,0,0,0,-9999.0,0.49884033203125,1,P0_CV0,1,1,1,1,1
3,1.0,2.0,R3_F3_m3f3_P3_Y30_UO115,RD3_F3_m3f3_P3_Y28_UO171,RD3_F1_m1f1_P1_Y28_UO174,MXY,1,0.0,0,0,0.0,0,0,0,-9999.0,0.4998931884765625,1,P1_CV0,1,0,2,1,1
3,1.0,2.0,R3_F3_m3f3_P3_Y30_UO75,RD3_F4_m4f4_P4_Y28_UO287,R3_F3_m1f1_P1_Y26_UO215,MXY,1,0.0,0,0,0.0,0,0,0,-9999.0,0.500335693359375,1,P1_CV0,1,0,2,1,1
3,1.0,2.0,R3_F3_m3f3_P3_Y30_UO113,RD3_F3_m3f3_P3_Y28_UO171,RD3_F1_m1f1_P1_Y28_UO174,MXY,1,0.0,0,0,0.0,0,0,0,-9999.0,0.4998931884765625,1,P1_CV0,1,0,2,2,0
3,1.0,2.0,R3_F3_m3f3_P3_Y30_UO95,RD3_F4_m4f4_P4_Y28_UO287,RD3_F4_m4f4_P4_Y28_UO100,MXY,1,0.0,0,0,0.0,0,0,0,-9999.0,0.499664306640625,1,P1_CV0,1,2,0,1,1
3,1.0,2.0,R3_F3_m3f3_P3_Y30_UO116,RD3_F3_m3f3_P3_Y28_UO171,RD3_F1_m1f1_P1_Y28_UO174,FXX,1,0.0,0,0,0.0,0,0,0,-9999.0,0.4998931884765625,1,P1_CV0,1,1,1,1,1
3,1.0,2.0,R3_F3_m3f3_P3_Y30_UO117,RD3_F3_m3f3_P3_Y28_UO171,RD3_F1_m1f1_P1_Y28_UO174,MXY,1,0.0,0,0,0.0,0,0,0,-9999.0,0.4998931884765625,1,P1_CV0,1,0,2,2,0
3,1.0,2.0,R3_F3_m3f3_P3_Y30_UO123,RD3_F4_m4f4_P4_Y28_UO93,R3_F3_m3f3_P3_Y26_UO122,MXY,1,0.0,0,0,0.0,0,0,0,-9999.0,0.5005035400390625,1,P1_CV0,1,1,1,1,1
3,1.0,2.0,R3_F3_m3f3_P3_Y30_UO94,RD3_F4_m4f4_P4_Y28_UO287,RD3_F4_m4f4_P4_Y28_UO100,MXY,1,0.0,0,0,0.0,0,0,0,-9999.0,0.499664306640625,1,P1_CV0,1,1,1,1,1
3,1.0,2.0,R3_F3_m3f3_P3_Y30_UO78,RD3_F4_m4f4_P4_Y28_UO287,R3_F3_m1f1_P1_Y26_UO215,FXX,1,0.0,0,0,0.0,0,0,0,-9999.0,0.500335693359375,1,P1_CV0,1,1,1,1,1
3,1.0,2.0,R3_F3_m3f3_P3_Y30_UO121,RD3_F4_m4f4_P4_Y28_UO93,R3_F3_m3f3_P3_Y26_UO122,FXX,1,0.0,0,0,0.0,0,0,0,-9999.0,0.5005035400390625,1,P1_CV0,1,0,2,2,0
3,1.0,2.0,R3_F3_m3f3_P3_Y30_UO184,RD3_F4_m4f4_P4_Y28_UO290,RD3_F3_m3f3_P3_Y28_UO63,MXY,1,0.0,0,0,0.0,0,0,0,-9999.0,0.5009231567382812,1,P1_CV0,1,1,1,1,1
3,1.0,2.0,R3_F3_m3f3_P3_Y30_UO207,RD3_F1_m1f1_P1_Y28_UO156,RD3_F1_m1f1_P1_Y28_UO174,FXX,1,0.0,0,0,0.0,0,0,0,-9999.0,0.50048828125,1,P1_CV0,1,0,2,2,0
3,1.0,2.0,R3_F3_m3f3_P3_Y30_UO256,RD3_F4_m4f4_P4_Y28_UO113,RD3_F4_m4f4_P4_Y28_UO100,FXX,1,0.0,0,0,0.0,0,0,0,-9999.0,0.5000076293945312,1,P1_CV0,1,1,1,0,2
3,1.0,2.0,R3_F3_m3f3_P3_Y30_UO285,RD3_F4_m4f4_P4_Y28_UO290,RD3_F4_m4f4_P4_Y28_UO239,FXX,1,0.0,0,0,0.0,0,0,0,-9999.0,0.5011367797851562,1,P1_CV0,1,1,1,2,0
3,1.0,2.0,R3_F3_m3f3_P3_Y30_UO118,RD3_F3_m3f3_P3_Y28_UO171,RD3_F1_m1f1_P1_Y28_UO174,MXY,1,0.0,0,0,0.0,0,0,0,-9999.0,0.4998931884765625,1,P1_CV0,1,1,1,2,0
3,1.0,2.0,R3_F3_m3f3_P3_Y30_UO284,RD3_F4_m4f4_P4_Y28_UO290,RD3_F4_m4f4_P4_Y28_UO239,MXY,1,0.0,0,0,0.0,0,0,0,-9999.0,0.5011367797851562,1,P1_CV0,1,0,2,1,1
3,1.0,2.0,R3_F3_m3f3_P3_Y30_UO76,RD3_F4_m4f4_P4_Y28_UO287,R3_F3_m1f1_P1_Y26_UO215,MXY,1,0.0,0,0,0.0,0,0,0,-9999.0,0.500335693359375,1,P1_CV0,1,2,0,1,1
3,1.0,2.0,R3_F3_m3f3_P3_Y30_UO79,RD3_F4_m4f4_P4_Y28_UO287,R3_F3_m1f1_P1_Y26_UO215,FXX,1,0.0,0,0,0.0,0,0,0,-9999.0,0.500335693359375,1,P1_CV0,1,0,2,1,1
3,1.0,2.0,R3_F3_m3f3_P3_Y30_UO109,RD3_F4_m4f4_P4_Y28_UO113,RD3_F3_m3f3_P3_Y28_UO79,MXY,1,0.0,0,0,0.0,0,0,0,-9999.0,0.5001144409179688,1,P1_CV0,1,1,1,1,1
3,1.0,2.0,R3_F3_m3f3_P3_Y30_UO114,RD3_F3_m3f3_P3_Y28_UO171,RD3_F1_m1f1_P1_Y28_UO174,MXY,1,0.0,0,0,0.0,0,0,0,-9999.0,0.4998931884765625,1,P1_CV0,1,1,1,2,0
3,1.0,2.0,R3_F3_m3f3_P3_Y30_UO124,RD3_F4_m4f4_P4_Y28_UO93,R3_F3_m3f3_P3_Y26_UO122,MXY,1,0.0,0,0,0.0,0,0,0,-9999.0,0.5005035400390625,1,P1_CV0,1,0,2,2,0
3,1.0,2.0,R3_F3_m3f3_P3_Y30_UO181,RD3_F4_m4f4_P4_Y28_UO290,RD3_F3_m3f3_P3_Y28_UO63,FXX,1,0.0,0,0,0.0,0,0,0,-9999.0,0.5009231567382812,1,P1_CV0,1,1,1,1,1
3,1.0,2.0,R3_F3_m3f3_P3_Y30_UO110,RD3_F4_m4f4_P4_Y28_UO113,RD3_F3_m3f3_P3_Y28_UO79,MXY,1,0.0,0,0,0.0,0,0,0,-9999.0,0.5001144409179688,1,P1_CV0,1,1,1,1,1
3,1.0,2.0,R3_F3_m3f3_P3_Y28_UO170,RD3_F1_m1f1_P1_Y26_UO17,RD3_F3_m3f3_P3_Y26_UO122,FXX,3,0.0,1,0,1.0,0,0,0,-9999.0,0.501617431640625,1,P1_CV0,1,1,1,2,0
3,1.0,2.0,R3_F3_m4f4_P4_Y28_UO287,RD4_F4_m4f4_P4_Y26_UO275,RD4_F4_m4f4_P4_Y26_UO264,FXX,3,0.0,1,0,1.0,0,0,0,-9999.0,0.50048828125,1,P1_CV0,1,1,1,2,0
3,1.0,2.0,R3_F3_m3f3_P3_Y30_UO250,RD3_F3_m3f3_P3_Y28_UO27,RD3_F4_m4f4_P4_Y28_UO100,FXX,1,0.0,0,0,0.0,0,0,0,-9999.0,0.49857330322265625,1,P2_CV0,1,1,1,1,1
3,1.0,2.0,R3_F3_m3f3_P3_Y30_UO3,RD3_F3_m3f3_P3_Y28_UO107,R3_F3_m1f1_P1_Y26_UO339,MXY,1,0.0,0,0,0.0,0,0,0,-9999.0,0.5010910034179688,1,P2_CV0,1,1,1,2,0
3,1.0,2.0,R3_F3_m3f3_P3_Y30_UO248,RD3_F3_m3f3_P3_Y28_UO27,RD3_F4_m4f4_P4_Y28_UO100,MXY,1,0.0,0,0,0.0,0,0,0,-9999.0,0.49857330322265625,1,P2_CV0,1,1,1,1,1
3,1.0,2.0,R3_F3_m3f3_P3_Y30_UO6,RD3_F3_m3f3_P3_Y28_UO107,R3_F3_m1f1_P1_Y26_UO339,FXX,1,0.0,0,0,0.0,0,0,0,-9999.0,0.5010910034179688,1,P2_CV0,1,1,1,2,0
3,1.0,2.0,R3_F3_m3f3_P3_Y30_UO17,RD3_F4_m4f4_P4_Y28_UO296,RD3_F3_m3f3_P3_Y28_UO79,FXX,1,0.0,0,0,0.0,0,0,0,-9999.0,0.499725341796875,1,P2_CV0,1,0,2,0,2
3,1.0,2.0,R3_F3_m3f3_P3_Y30_UO108,RD3_F4_m4f4_P4_Y28_UO113,RD3_F3_m3f3_P3_Y28_UO79,FXX,1,0.0,0,0,0.0,0,0,0,-9999.0,0.5001144409179688,1,P2_CV0,1,1,1,0,2
3,1.0,2.0,R3_F3_m3f3_P3_Y30_UO4,RD3_F3_m3f3_P3_Y28_UO107,R3_F3_m1f1_P1_Y26_UO339,MXY,1,0.0,0,0,0.0,0,0,0,-9999.0,0.5010910034179688,1,P2_CV0,1,1,1,2,0
3,1.0,2.0,R3_F3_m3f3_P3_Y30_UO252,RD3_F3_m3f3_P3_Y28_UO27,RD3_F4_m4f4_P4_Y28_UO100,MXY,1,0.0,0,0,0.0,0,0,0,-9999.0,0.49857330322265625,1,P2_CV0,1,1,1,2,0
3,1.0,2.0,RD3_F1_m1f1_P1_Y29_UO41,RD1_F3_m3f3_P3_Y27_UO21,RD1_F2_m2f2_P2_Y27_UO52,FXX,2,0.0,1,0,1.0,0,0,0,-9999.0,0.499420166015625,1,P2_CV0,1,1,1,1,1
3,1.0,2.0,RD3_F1_m1f1_P1_Y29_UO57,RD1_F3_m3f3_P3_Y27_UO21,R1_F1_m1f1_P1_Y26_UO3,MXY,2,0.0,1,0,0.0,0,0,0,-9999.0,0.5009765625,1,P2_CV0,1,1,1,2,0
3,1.0,2.0,R3_F3_m3f3_P3_Y30_UO134,RD3_F3_m3f3_P3_Y28_UO91,RD3_F4_m4f4_P4_Y28_UO193,MXY,1,0.0,0,0,0.0,0,0,0,-9999.0,0.5005950927734375,1,P3_CV0,1,1,1,1,1
3,1.0,2.0,R3_F3_m3f3_P3_Y30_UO348,RD3_F3_m3f3_P3_Y28_UO2,RD3_F4_m4f4_P4_Y28_UO193,FXX,1,0.0,0,0,0.0,0,0,0,-9999.0,0.5000381469726562,1,P3_CV0,1,0,2,1,1
3,1.0,2.0,R3_F3_m3f3_P3_Y30_UO132,RD3_F3_m3f3_P3_Y28_UO91,RD3_F4_m4f4_P4_Y28_UO193,MXY,1,0.0,0,0,0.0,0,0,0,-9999.0,0.5005950927734375,1,P3_CV0,1,2,0,1,1
3,1.0,2.0,R3_F3_m3f3_P3_Y30_UO62,RD3_F4_m4f4_P4_Y28_UO195,RD3_F4_m4f4_P4_Y28_UO291,FXX,1,0.0,0,0,0.0,0,0,0,-9999.0,0.500701904296875,1,P3_CV0,1,0,2,0,2
3,1.0,2.0,R3_F3_m3f3_P3_Y30_UO349,RD3_F3_m3f3_P3_Y28_UO2,RD3_F4_m4f4_P4_Y28_UO193,MXY,1,0.0,0,0,0.0,0,0,0,-9999.0,0.5000381469726562,1,P3_CV0,1,1,1,1,1
4,2.0,2.0,R4_F4_m4f4_P4_Y30_UO20,RD4_F3_m3f3_P3_Y28_UO185,RD4_F3_m3f3_P3_Y28_UO123,MXY,1,0.0,0,0,0.0,0,0,0,-9999.0,0.500396728515625,1,P0_CV0,1,2,0,2,0
4,2.0,2.0,R4_F4_m4f4_P4_Y30_UO21,RD4_F3_m3f3_P3_Y28_UO185,RD4_F3_m3f3_P3_Y28_UO123,MXY,1,0.0,0,0,0.0,0,0,0,-9999.0,0.500396728515625,1,P0_CV0,1,2,0,2,0
4,2.0,2.0,R4_F4_m4f4_P4_Y30_UO22,RD4_F3_m3f3_P3_Y28_UO185,RD4_F3_m3f3_P3_Y28_UO123,MXY,1,0.0,0,0,0.0,0,0,0,-9999.0,0.500396728515625,1,P0_CV0,1,2,0,2,0
4,2.0,2.0,R4_F4_m4f4_P4_Y30_UO33,RD4_F3_m3f3_P3_Y28_UO293,RD4_F3_m3f3_P3_Y28_UO29,MXY,1,0.0,0,0,0.0,0,0,0,-9999.0,0.5005569458007812,1,P0_CV0,1,2,0,0,2
4,2.0,2.0,R4_F4_m4f4_P4_Y30_UO34,RD4_F3_m3f3_P3_Y28_UO293,RD4_F3_m3f3_P3_Y28_UO29,MXY,1,0.0,0,0,0.0,0,0,0,-9999.0,0.5005569458007812,1,P0_CV0,1,1,1,1,1
4,2.0,2.0,R4_F4_m4f4_P4_Y30_UO35,RD4_F3_m3f3_P3_Y28_UO293,RD4_F3_m3f3_P3_Y28_UO29,FXX,1,0.0,0,0,0.0,0,0,0,-9999.0,0.5005569458007812,1,P0_CV0,1,2,0,1,1
4,2.0,2.0,R4_F4_m4f4_P4_Y30_UO38,RD4_F2_m2f2_P2_Y28_UO191,RD4_F2_m2f2_P2_Y28_UO243,MXY,1,0.0,0,0,0.0,0,0,0,-9999.0,0.5025100708007812,1,P0_CV0,1,1,1,2,0
4,2.0,2.0,R4_F4_m4f4_P4_Y30_UO39,RD4_F2_m2f2_P2_Y28_UO191,RD4_F2_m2f2_P2_Y28_UO243,FXX,1,0.0,0,0,0.0,0,0,0,-9999.0,0.5025100708007812,1,P0_CV0,1,0,2,2,0
4,2.0,2.0,R4_F4_m4f4_P4_Y30_UO40,RD4_F3_m3f3_P3_Y28_UO294,RD4_F3_m3f3_P3_Y28_UO189,FXX,1,0.0,0,0,0.0,0,0,0,-9999.0,0.5000228881835938,1,P0_CV0,1,1,1,1,1
4,2.0,2.0,R4_F4_m4f4_P4_Y30_UO41,RD4_F3_m3f3_P3_Y28_UO294,RD4_F3_m3f3_P3_Y28_UO189,FXX,1,0.0,0,0,0.0,0,0,0,-9999.0,0.5000228881835938,1,P0_CV0,1,2,0,1,1
4,2.0,2.0,R4_F4_m4f4_P4_Y30_UO42,RD4_F3_m3f3_P3_Y28_UO70,RD4_F3_m3f3_P3_Y28_UO188,FXX,1,0.0,0,0,0.0,0,0,0,-9999.0,0.5011062622070312,1,P0_CV0,1,0,2,1,1
4,2.0,2.0,R4_F4_m4f4_P4_Y30_UO43,RD4_F3_m3f3_P3_Y28_UO70,RD4_F3_m3f3_P3_Y28_UO188,FXX,1,0.0,0,0,0.0,0,0,0,-9999.0,0.5011062622070312,1,P0_CV0,1,1,1,1,1
4,2.0,2.0,R4_F4_m4f4_P4_Y30_UO44,RD4_F3_m3f3_P3_Y28_UO70,RD4_F3_m3f3_P3_Y28_UO188,MXY,1,0.0,0,0,0.0,0,0,0,-9999.0,0.5011062622070312,1,P0_CV0,1,0,2,1,1
4,2.0,2.0,R4_F4_m4f4_P4_Y30_UO45,RD4_F3_m3f3_P3_Y28_UO70,RD4_F3_m3f3_P3_Y28_UO188,MXY,1,0.0,0,0,0.0,0,0,0,-9999.0,0.5011062622070312,1,P0_CV0,1,1,1,1,1
4,2.0,2.0,R4_F4_m4f4_P4_Y30_UO46,RD4_F3_m3f3_P3_Y28_UO246,RD4_F2_m2f2_P2_Y28_UO22,FXX,1,0.0,0,0,0.0,0,0,0,-9999.0,0.5010986328125,1,P0_CV0,1,0,2,2,0
4,2.0,2.0,R4_F4_m4f4_P4_Y30_UO47,RD4_F3_m3f3_P3_Y28_UO246,RD4_F2_m2f2_P2_Y28_UO22,FXX,1,0.0,0,0,0.0,0,0,0,-9999.0,0.5010986328125,1,P0_CV0,1,0,2,2,0
4,2.0,2.0,R4_F4_m4f4_P4_Y30_UO48,RD4_F3_m3f3_P3_Y28_UO246,RD4_F2_m2f2_P2_Y28_UO22,FXX,1,0.0,0,0,0.0,0,0,0,-9999.0,0.5010986328125,1,P0_CV0,1,0,2,1,1
4,2.0,2.0,R4_F4_m4f4_P4_Y30_UO71,RD4_F3_m3f3_P3_Y28_UO293,RD4_F3_m3f3_P3_Y28_UO80,FXX,1,0.0,0,0,0.0,0,0,0,-9999.0,0.49994659423828125,1,P0_CV0,1,1,1,1,1
4,2.0,2.0,R4_F4_m4f4_P4_Y30_UO72,RD4_F3_m3f3_P3_Y28_UO293,RD4_F3_m3f3_P3_Y28_UO80,MXY,1,0.0,0,0,0.0,0,0,0,-9999.0,0.49994659423828125,1,P0_CV0,1,2,0,1,1
4,2.0,2.0,R4_F4_m4f4_P4_Y30_UO83,RD4_F3_m3f3_P3_Y28_UO185,RD4_F3_m3f3_P3_Y28_UO186,MXY,1,0.0,0,0,0.0,0,0,0,-9999.0,0.498870849609375,1,P0_CV0,1,1,1,1,1
4,2.0,2.0,R4_F4_m4f4_P4_Y30_UO84,RD4_F3_m3f3_P3_Y28_UO185,RD4_F3_m3f3_P3_Y28_UO186,FXX,1,0.0,0,0,0.0,0,0,0,-9999.0,0.498870849609375,1,P0_CV0,1,2,0,2,0
4,2.0,2.0,R4_F4_m4f4_P4_Y30_UO85,RD4_F3_m3f3_P3_Y28_UO185,RD4_F3_m3f3_P3_Y28_UO186,FXX,1,0.0,0,0,0.0,0,0,0,-9999.0,0.498870849609375,1,P0_CV0,1,2,0,2,0
4,2.0,2.0,R4_F4_m4f4_P4_Y30_UO86,RD4_F3_m3f3_P3_Y28_UO185,RD4_F3_m3f3_P3_Y28_UO186,FXX,1,0.0,0,0,0.0,0,0,0,-9999.0,0.498870849609375,1,P0_CV0,1,2,0,1,1
4,2.0,2.0,R4_F4_m4f4_P4_Y30_UO92,RD4_F3_m3f3_P3_Y28_UO66,RD4_F2_m2f2_P2_Y28_UO192,MXY,1,0.0,0,0,0.0,0,0,0,-9999.0,0.5007247924804688,1,P0_CV0,1,0,2,2,0
4,2.0,2.0,R4_F4_m4f4_P4_Y30_UO93,RD4_F3_m3f3_P3_Y28_UO66,RD4_F2_m2f2_P2_Y28_UO192,MXY,1,0.0,0,0,0.0,0,0,0,-9999.0,0.5007247924804688,1,P0_CV0,1,0,2,2,0
4,2.0,2.0,R4_F4_m4f4_P4_Y30_UO105,RD4_F3_m3f3_P3_Y28_UO68,RD4_F4_m4f4_P4_Y28_UO132,MXY,1,0.0,0,0,0.0,0,0,0,-9999.0,0.5021209716796875,1,P0_CV0,1,1,1,1,1
4,2.0,2.0,R4_F4_m4f4_P4_Y30_UO106,RD4_F3_m3f3_P3_Y28_UO68,RD4_F4_m4f4_P4_Y28_UO132,MXY,1,0.0,0,0,0.0,0,0,0,-9999.0,0.5021209716796875,1,P0_CV0,1,2,0,2,0
4,2.0,2.0,R4_F4_m4f4_P4_Y30_UO107,RD4_F3_m3f3_P3_Y28_UO68,RD4_F4_m4f4_P4_Y28_UO132,MXY,1,0.0,0,0,0.0,0,0,0,-9999.0,0.5021209716796875,1,P0_CV0,1,0,2,2,0
4,2.0,2.0,R4_F4_m4f4_P4_Y30_UO167,RD4_F3_m3f3_P3_Y28_UO236,RD4_F2_m2f2_P2_Y28_UO264,MXY,1,0.0,0,0,0.0,0,0,0,-9999.0,0.5012435913085938,1,P0_CV0,1,2,0,1,1
4,2.0,2.0,R4_F4_m4f4_P4_Y30_UO169,RD4_F3_m3f3_P3_Y28_UO301,RD4_F4_m4f4_P4_Y28_UO97,MXY,1,0.0,0,0,0.0,0,0,0,-9999.0,0.49932098388671875,1,P0_CV0,1,0,2,2,0
4,2.0,2.0,R4_F4_m4f4_P4_Y30_UO170,RD4_F3_m3f3_P3_Y28_UO301,RD4_F4_m4f4_P4_Y28_UO97,MXY,1,0.0,0,0,0.0,0,0,0,-9999.0,0.49932098388671875,1,P0_CV0,1,0,2,2,0
4,2.0,2.0,R4_F4_m4f4_P4_Y30_UO171,RD4_F3_m3f3_P3_Y28_UO301,RD4_F4_m4f4_P4_Y28_UO97,MXY,1,0.0,0,0,0.0,0,0,0,-9999.0,0.49932098388671875,1,P0_CV0,1,1,1,2,0
4,2.0,2.0,R4_F4_m4f4_P4_Y30_UO172,RD4_F2_m2f2_P2_Y28_UO14,RD4_F3_m3f3_P3_Y28_UO188,FXX,1,0.0,0,0,0.0,0,0,0,-9999.0,0.5012588500976562,1,P0_CV0,1,2,0,2,0
4,2.0,2.0,R4_F4_m4f4_P4_Y30_UO173,RD4_F2_m2f2_P2_Y28_UO14,RD4_F3_m3f3_P3_Y28_UO188,FXX,1,0.0,0,0,0.0,0,0,0,-9999.0,0.5012588500976562,1,P0_CV0,1,1,1,1,1
4,2.0,2.0,R4_F4_m4f4_P4_Y30_UO174,RD4_F2_m2f2_P2_Y28_UO191,RD4_F2_m2f2_P2_Y28_UO33,MXY,1,0.0,0,0,0.0,0,0,0,-9999.0,0.5028457641601562,1,P0_CV0,1,1,1,2,0
4,2.0,2.0,R4_F4_m4f4_P4_Y30_UO175,RD4_F2_m2f2_P2_Y28_UO191,RD4_F2_m2f2_P2_Y28_UO33,FXX,1,0.0,0,0,0.0,0,0,0,-9999.0,0.5028457641601562,1,P0_CV0,1,1,1,2,0
4,2.0,2.0,R4_F4_m4f4_P4_Y30_UO188,RD4_F3_m3f3_P3_Y28_UO70,RD4_F3_m3f3_P3_Y28_UO29,MXY,1,0.0,0,0,0.0,0,0,0,-9999.0,0.5016403198242188,1,P0_CV0,1,1,1,1,1
4,2.0,2.0,R4_F4_m4f4_P4_Y30_UO189,RD4_F3_m3f3_P3_Y28_UO70,RD4_F3_m3f3_P3_Y28_UO29,FXX,1,0.0,0,0,0.0,0,0,0,-9999.0,0.5016403198242188,1,P0_CV0,1,0,2,1,1
4,2.0,2.0,R4_F4_m4f4_P4_Y30_UO190,RD4_F3_m3f3_P3_Y28_UO70,RD4_F3_m3f3_P3_Y28_UO29,MXY,1,0.0,0,0,0.0,0,0,0,-9999.0,0.5016403198242188,1,P0_CV0,1,1,1,0,2
4,2.0,2.0,R4_F4_m4f4_P4_Y30_UO197,RD4_F3_m3f3_P3_Y28_UO301,RD4_F4_m4f4_P4_Y28_UO132,MXY,1,0.0,0,0,0.0,0,0,0,-9999.0,0.5000228881835938,1,P0_CV0,1,1,1,2,0
4,2.0,2.0,R4_F4_m4f4_P4_Y30_UO198,RD4_F3_m3f3_P3_Y28_UO301,RD4_F4_m4f4_P4_Y28_UO132,MXY,1,0.0,0,0,0.0,0,0,0,-9999.0,0.5000228881835938,1,P0_CV0,1,2,0,2,0
4,2.0,2.0,R4_F4_m4f4_P4_Y30_UO199,RD4_F3_m3f3_P3_Y28_UO301,RD4_F4_m4f4_P4_Y28_UO132,FXX,1,0.0,0,0,0.0,0,0,0,-9999.0,0.5000228881835938,1,P0_CV0,1,1,1,2,0
4,2.0,2.0,R4_F4_m4f4_P4_Y30_UO201,RD4_F4_m4f4_P4_Y28_UO134,RD4_F3_m3f3_P3_Y28_UO279,FXX,1,0.0,0,0,0.0,0,0,0,-9999.0,0.50164794921875,1,P0_CV0,1,2,0,1,1
4,2.0,2.0,R4_F4_m4f4_P4_Y30_UO202,RD4_F4_m4f4_P4_Y28_UO134,RD4_F3_m3f3_P3_Y28_UO279,FXX,1,0.0,0,0,0.0,0,0,0,-9999.0,0.50164794921875,1,P0_CV0,1,2,0,1,1
4,2.0,2.0,R4_F4_m4f4_P4_Y30_UO204,RD4_F3_m3f3_P3_Y28_UO285,RD4_F4_m4f4_P4_Y28_UO132,FXX,1,0.0,0,0,0.0,0,0,0,-9999.0,0.5020980834960938,1,P0_CV0,1,0,2,1,1
4,2.0,2.0,R4_F4_m4f4_P4_Y30_UO205,RD4_F3_m3f3_P3_Y28_UO285,RD4_F4_m4f4_P4_Y28_UO132,MXY,1,0.0,0,0,0.0,0,0,0,-9999.0,0.5020980834960938,1,P0_CV0,1,1,1,1,1
4,2.0,2.0,R4_F4_m4f4_P4_Y30_UO213,RD4_F3_m3f3_P3_Y28_UO55,RD4_F2_m2f2_P2_Y28_UO264,FXX,1,0.0,0,0,0.0,0,0,0,-9999.0,0.5030593872070312,1,P0_CV0,1,0,2,1,1
4,2.0,2.0,R4_F4_m4f4_P4_Y30_UO214,RD4_F3_m3f3_P3_Y28_UO55,RD4_F2_m2f2_P2_Y28_UO264,FXX,1,0.0,0,0,0.0,0,0,0,-9999.0,0.5030593872070312,1,P0_CV0,1,0,2,2,0
4,2.0,2.0,R4_F4_m4f4_P4_Y30_UO221,RD4_F4_m4f4_P4_Y28_UO267,RD4_F3_m3f3_P3_Y28_UO186,FXX,1,0.0,0,0,0.0,0,0,0,-9999.0,0.4983062744140625,1,P0_CV0,1,2,0,1,1
4,2.0,2.0,R4_F4_m4f4_P4_Y30_UO223,RD4_F4_m4f4_P4_Y28_UO267,RD4_F3_m3f3_P3_Y28_UO186,FXX,1,0.0,0,0,0.0,0,0,0,-9999.0,0.4983062744140625,1,P0_CV0,1,1,1,0,2
4,2.0,2.0,R4_F4_m4f4_P4_Y30_UO236,RD4_F2_m2f2_P2_Y28_UO241,RD4_F3_m3f3_P3_Y28_UO29,MXY,1,0.0,0,0,0.0,0,0,0,-9999.0,0.501434326171875,1,P0_CV0,1,2,0,1,1
4,2.0,2.0,R4_F4_m4f4_P4_Y30_UO237,RD4_F2_m2f2_P2_Y28_UO241,RD4_F3_m3f3_P3_Y28_UO29,FXX,1,0.0,0,0,0.0,0,0,0,-9999.0,0.501434326171875,1,P0_CV0,1,0,2,2,0
4,2.0,2.0,R4_F4_m4f4_P4_Y30_UO238,RD4_F2_m2f2_P2_Y28_UO241,RD4_F3_m3f3_P3_Y28_UO29,FXX,1,0.0,0,0,0.0,0,0,0,-9999.0,0.501434326171875,1,P0_CV0,1,0,2,2,0
4,2.0,2.0,R4_F4_m4f4_P4_Y30_UO239,RD4_F2_m2f2_P2_Y28_UO241,RD4_F3_m3f3_P3_Y28_UO29,MXY,1,0.0,0,0,0.0,0,0,0,-9999.0,0.501434326171875,1,P0_CV0,1,2,0,1,1
4,2.0,2.0,R4_F4_m4f4_P4_Y30_UO257,RD4_F2_m2f2_P2_Y28_UO241,RD4_F2_m2f2_P2_Y28_UO36,MXY,1,0.0,0,0,0.0,0,0,0,-9999.0,0.5014572143554688,1,P0_CV0,1,0,2,0,2
4,2.0,2.0,R4_F4_m4f4_P4_Y30_UO258,RD4_F2_m2f2_P2_Y28_UO241,RD4_F2_m2f2_P2_Y28_UO36,MXY,1,0.0,0,0,0.0,0,0,0,-9999.0,0.5014572143554688,1,P0_CV0,1,1,1,0,2
4,2.0,2.0,R4_F4_m4f4_P4_Y30_UO259,RD4_F2_m2f2_P2_Y28_UO241,RD4_F2_m2f2_P2_Y28_UO36,FXX,1,0.0,0,0,0.0,0,0,0,-9999.0,0.5014572143554688,1,P0_CV0,1,0,2,1,1
4,2.0,2.0,R4_F4_m4f4_P4_Y30_UO274,RD4_F3_m3f3_P3_Y28_UO68,RD4_F2_m2f2_P2_Y28_UO263,FXX,1,0.0,0,0,0.0,0,0,0,-9999.0,0.5022506713867188,1,P0_CV0,1,0,2,1,1
4,2.0,2.0,R4_F4_m4f4_P4_Y30_UO275,RD4_F3_m3f3_P3_Y28_UO68,RD4_F2_m2f2_P2_Y28_UO263,FXX,1,0.0,0,0,0.0,0,0,0,-9999.0,0.5022506713867188,1,P0_CV0,1,0,2,0,2
4,2.0,2.0,R4_F4_m4f4_P4_Y30_UO276,RD4_F3_m3f3_P3_Y28_UO68,RD4_F2_m2f2_P2_Y28_UO263,FXX,1,0.0,0,0,0.0,0,0,0,-9999.0,0.5022506713867188,1,P0_CV0,1,2,0,1,1
4,2.0,2.0,R4_F4_m4f4_P4_Y30_UO278,RD4_F3_m3f3_P3_Y28_UO68,RD4_F2_m2f2_P2_Y28_UO243,FXX,1,0.0,0,0,0.0,0,0,0,-9999.0,0.5025863647460938,1,P0_CV0,1,1,1,2,0
4,2.0,2.0,R4_F4_m4f4_P4_Y30_UO279,RD4_F3_m3f3_P3_Y28_UO68,RD4_F2_m2f2_P2_Y28_UO243,FXX,1,0.0,0,0,0.0,0,0,0,-9999.0,0.5025863647460938,1,P0_CV0,1,0,2,2,0
4,2.0,2.0,R4_F4_m4f4_P4_Y30_UO304,RD4_F4_m4f4_P4_Y28_UO183,RD4_F2_m2f2_P2_Y28_UO36,FXX,1,0.0,0,0,0.0,0,0,0,-9999.0,0.5012130737304688,1,P0_CV0,1,1,1,0,2
4,2.0,2.0,R4_F4_m4f4_P4_Y30_UO305,RD4_F4_m4f4_P4_Y28_UO183,RD4_F2_m2f2_P2_Y28_UO36,FXX,1,0.0,0,0,0.0,0,0,0,-9999.0,0.5012130737304688,1,P0_CV0,1,1,1,0,2
4,2.0,2.0,R4_F4_m4f4_P4_Y30_UO306,RD4_F4_m4f4_P4_Y28_UO183,RD4_F2_m2f2_P2_Y28_UO36,FXX,1,0.0,0,0,0.0,0,0,0,-9999.0,0.5012130737304688,1,P0_CV0,1,1,1,1,1
4,2.0,2.0,R4_F4_m4f4_P4_Y30_UO307,RD4_F3_m3f3_P3_Y28_UO7,RD4_F3_m3f3_P3_Y28_UO78,FXX,1,0.0,0,0,0.0,0,0,0,-9999.0,0.500335693359375,1,P0_CV0,1,2,0,1,1
4,2.0,2.0,RD4_F4_m4f4_P4_Y29_UO19,RD4_F2_m2f2_P2_Y27_UO39,RD4_F2_m2f2_P2_Y27_UO38,MXY,2,0.0,1,0,0.0,0,0,0,-9999.0,0.5023193359375,1,P0_CV0,1,0,2,2,0
4,2.0,2.0,R4_F4_m2f2_P2_Y28_UO192,RD2_F4_m4f4_P4_Y26_UO262,RD2_F1_m1f1_P1_Y26_UO15,MXY,3,0.0,1,0,0.0,0,0,0,-9999.0,0.5024261474609375,1,P0_CV0,1,0,2,2,0
4,2.0,2.0,R4_F4_m3f3_P3_Y28_UO68,RD3_F3_m3f3_P3_Y26_UO277,RD3_F3_m3f3_P3_Y26_UO295,FXX,3,0.0,1,0,1.0,0,0,0,-9999.0,0.5025787353515625,1,P0_CV0,1,1,1,1,1
4,2.0,2.0,R4_F4_m3f3_P3_Y28_UO301,RD3_F4_m4f4_P4_Y26_UO274,RD3_F1_m1f1_P1_Y26_UO75,FXX,3,0.0,1,0,1.0,0,0,0,-9999.0,0.498382568359375,1,P0_CV0,1,1,1,2,0
4,2.0,2.0,R4_F4_m4f4_P4_Y30_UO145,RD4_F3_m3f3_P3_Y28_UO55,RD4_F3_m3f3_P3_Y28_UO245,MXY,1,0.0,0,0,0.0,0,0,0,-9999.0,0.5024490356445312,1,P1_CV0,1,0,2,2,0
4,2.0,2.0,R4_F4_m4f4_P4_Y30_UO146,RD4_F3_m3f3_P3_Y28_UO55,RD4_F3_m3f3_P3_Y28_UO245,MXY,1,0.0,0,0,0.0,0,0,0,-9999.0,0.5024490356445312,1,P1_CV0,1,0,2,2,0
4,2.0,2.0,R4_F4_m4f4_P4_Y30_UO147,RD4_F3_m3f3_P3_Y28_UO55,RD4_F3_m3f3_P3_Y28_UO245,MXY,1,0.0,0,0,0.0,0,0,0,-9999.0,0.5024490356445312,1,P1_CV0,1,0,2,1,1
4,2.0,2.0,R4_F4_m4f4_P4_Y30_UO168,RD4_F3_m3f3_P3_Y28_UO236,RD4_F2_m2f2_P2_Y28_UO264,FXX,1,0.0,0,0,0.0,0,0,0,-9999.0,0.5012435913085938,1,P1_CV0,1,1,1,1,1
4,2.0,2.0,R4_F4_m4f4_P4_Y30_UO200,RD4_F4_m4f4_P4_Y28_UO134,RD4_F3_m3f3_P3_Y28_UO279,FXX,1,0.0,0,0,0.0,0,0,0,-9999.0,0.50164794921875,1,P1_CV0,1,2,0,2,0
4,2.0,2.0,R4_F4_m4f4_P4_Y30_UO203,RD4_F4_m4f4_P4_Y28_UO134,RD4_F3_m3f3_P3_Y28_UO279,MXY,1,0.0,0,0,0.0,0,0,0,-9999.0,0.50164794921875,1,P1_CV0,1,2,0,2,0
4,2.0,2.0,R4_F4_m4f4_P4_Y30_UO212,RD4_F3_m3f3_P3_Y28_UO55,RD4_F2_m2f2_P2_Y28_UO264,MXY,1,0.0,0,0,0.0,0,0,0,-9999.0,0.5030593872070312,1,P1_CV0,1,0,2,1,1
4,2.0,2.0,R4_F4_m4f4_P4_Y30_UO215,RD4_F3_m3f3_P3_Y28_UO55,RD4_F2_m2f2_P2_Y28_UO264,MXY,1,0.0,0,0,0.0,0,0,0,-9999.0,0.5030593872070312,1,P1_CV0,1,1,1,2,0
4,2.0,2.0,R4_F4_m4f4_P4_Y30_UO220,RD4_F4_m4f4_P4_Y28_UO267,RD4_F3_m3f3_P3_Y28_UO186,FXX,1,0.0,0,0,0.0,0,0,0,-9999.0,0.4983062744140625,1,P1_CV0,1,1,1,1,1
4,2.0,2.0,R4_F4_m4f4_P4_Y30_UO222,RD4_F4_m4f4_P4_Y28_UO267,RD4_F3_m3f3_P3_Y28_UO186,MXY,1,0.0,0,0,0.0,0,0,0,-9999.0,0.4983062744140625,1,P1_CV0,1,1,1,1,1
4,2.0,2.0,R4_F4_m4f4_P4_Y30_UO287,RD4_F3_m3f3_P3_Y28_UO7,RD4_F2_m2f2_P2_Y28_UO48,MXY,1,0.0,0,0,0.0,0,0,0,-9999.0,0.5003890991210938,1,P1_CV0,1,1,1,2,0
4,2.0,2.0,R4_F4_m4f4_P4_Y30_UO288,RD4_F3_m3f3_P3_Y28_UO7,RD4_F2_m2f2_P2_Y28_UO48,FXX,1,0.0,0,0,0.0,0,0,0,-9999.0,0.5003890991210938,1,P1_CV0,1,1,1,1,1
4,2.0,2.0,R4_F4_m4f4_P4_Y30_UO289,RD4_F3_m3f3_P3_Y28_UO7,RD4_F2_m2f2_P2_Y28_UO48,MXY,1,0.0,0,0,0.0,0,0,0,-9999.0,0.5003890991210938,1,P1_CV0,1,1,1,2,0
4,2.0,2.0,R4_F4_m4f4_P4_Y30_UO290,RD4_F3_m3f3_P3_Y28_UO236,RD4_F2_m2f2_P2_Y28_UO53,MXY,1,0.0,0,0,0.0,0,0,0,-9999.0,0.5011444091796875,1,P1_CV0,1,1,1,1,1
4,2.0,2.0,R4_F4_m4f4_P4_Y30_UO308,RD4_F3_m3f3_P3_Y28_UO7,RD4_F3_m3f3_P3_Y28_UO78,FXX,1,0.0,0,0,0.0,0,0,0,-9999.0,0.500335693359375,1,P1_CV0,1,2,0,1,1
4,2.0,2.0,R4_F4_m4f4_P4_Y30_UO309,RD4_F3_m3f3_P3_Y28_UO7,RD4_F3_m3f3_P3_Y28_UO78,MXY,1,0.0,0,0,0.0,0,0,0,-9999.0,0.500335693359375,1,P1_CV0,1,2,0,2,0
4,2.0,2.0,R4_F4_m4f4_P4_Y28_UO161,RD4_F3_m3f3_P3_Y26_UO320,RD4_F3_m3f3_P3_Y26_UO226,FXX,3,0.0,1,0,1.0,0,0,0,-9999.0,0.5025634765625,1,P1_CV0,1,2,0,1,1
4,2.0,2.0,R4_F4_m4f4_P4_Y30_UO36,RD4_F3_m3f3_P3_Y28_UO54,RD4_F4_m4f4_P4_Y28_UO219,FXX,1,0.0,0,0,0.0,0,0,0,-9999.0,0.5007858276367188,1,P2_CV0,1,0,2,1,1
4,2.0,2.0,R4_F4_m4f4_P4_Y30_UO291,RD4_F3_m3f3_P3_Y28_UO236,RD4_F2_m2f2_P2_Y28_UO53,MXY,1,0.0,0,0,0.0,0,0,0,-9999.0,0.5011444091796875,1,P3_CV0,1,1,1,1,1
4,2.0,2.0,R4_F4_m4f4_P4_Y30_UO292,RD4_F3_m3f3_P3_Y28_UO236,RD4_F2_m2f2_P2_Y28_UO53,MXY,1,0.0,0,0,0.0,0,0,0,-9999.0,0.5011444091796875,1,P3_CV0,1,0,2,1,1
4,2.0,2.0,R4_F4_m4f4_P4_Y30_UO313,RD4_F4_m4f4_P4_Y28_UO95,RD4_F3_m3f3_P3_Y28_UO245,FXX,1,0.0,0,0,0.0,0,0,0,-9999.0,0.5006256103515625,1,P3_CV0,1,0,2,0,2
4,2.0,2.0,R4_F4_m4f4_P4_Y30_UO314,RD4_F4_m4f4_P4_Y28_UO95,RD4_F3_m3f3_P3_Y28_UO245,FXX,1,0.0,0,0,0.0,0,0,0,-9999.0,0.5006256103515625,1,P3_CV0,1,0,2,1,1
4,2.0,2.0,R4_F4_m4f4_P4_Y30_UO315,RD4_F4_m4f4_P4_Y28_UO95,RD4_F3_m3f3_P3_Y28_UO245,MXY,1,0.0,0,0,0.0,0,0,0,-9999.0,0.5006256103515625,1,P3_CV0,1,0,2,0,2
4,2.0,2.0,R4_F4_m3f3_P3_Y28_UO245,RD3_F4_m4f4_P4_Y26_UO98,RD3_F1_m1f1_P1_Y26_UO119,MXY,3,0.0,1,0,0.0,0,0,0,-9999.0,0.500701904296875,1,P3_CV0,1,0,2,1,1
